0.542295	0.640151	0.1	0.1	0.542295	0.640151	0.6	0.6	2.19994	0
0.789075	0.733012	2.15084	0.35379	0.933379	0.784766	0.709997	0.600019	2.19975	0.000760158
0.916761	0.542829	2.16579	0.218773	0.966703	0.447582	0.819984	0.600095	2.19943	0.00228003
0.988931	0.626117	2.14663	0.245823	1.05665	0.670447	0.929956	0.600266	2.19899	0.00455878
1.07947	0.64389	2.14828	0.234909	1.07614	0.624632	1.0399	0.60057	2.19841	0.00759519
1.18378	0.614988	2.25695	0.0654636	1.0008	0.513115	1.14982	0.601045	2.1977	0.0113877
1.31961	0.639832	2.25493	0.082215	1.36493	0.723569	1.25971	0.601728	2.19686	0.0159342
1.41629	0.614979	2.33093	0.053654	1.11391	0.473487	1.36955	0.602657	2.19587	0.0212325
1.52067	0.622933	2.32157	0.0818067	1.42352	0.735523	1.47934	0.60387	2.19474	0.0272796
1.62495	0.596576	2.3159	0.00219312	1.34787	0.484136	1.58908	0.605405	2.19345	0.0340725
1.73749	0.598889	2.31268	0.00873972	1.70539	0.654975	1.69875	0.607297	2.19201	0.0416075
1.84316	0.615005	2.25369	-0.00236891	1.92226	0.667895	1.80834	0.609585	2.1904	0.0498806
1.96253	0.629282	2.24815	0.0175499	1.96193	0.869081	1.91786	0.612305	2.18863	0.0588874
2.06781	0.633471	2.23485	0.0140084	1.99721	0.61874	2.02728	0.615494	2.18667	0.0686229
2.17199	0.622993	2.23755	-0.0122098	2.14461	0.443249	2.13661	0.619189	2.18452	0.079082
2.28211	0.655308	2.22229	0.0526365	2.51328	0.755107	2.24582	0.623424	2.18218	0.0902589
2.38997	0.65786	2.22242	0.0479589	2.37163	0.612866	2.35492	0.628237	2.17963	0.102147
2.49319	0.618068	2.2177	-0.0463314	2.11725	0.49488	2.46389	0.633662	2.17686	0.11474
2.59019	0.616622	2.21084	-0.0426501	2.45523	0.688417	2.57271	0.639735	2.17386	0.128031
2.70655	0.621737	2.20974	-0.0372316	3.03981	0.709512	2.68138	0.646489	2.17062	0.142012
2.82626	0.616694	2.21401	-0.0498863	2.92726	0.593866	2.78989	0.653961	2.16713	0.156675
2.93613	0.597935	2.22242	-0.0758183	2.71233	0.532411	2.89821	0.662183	2.16337	0.172011
3.03961	0.600943	2.21635	-0.0652698	2.95065	0.761627	3.00635	0.67119	2.15934	0.188011
3.13669	0.637715	2.19557	-0.00722956	2.92933	0.664996	3.11428	0.681013	2.15501	0.204665
3.23888	0.634656	2.19302	-0.0117747	3.15322	0.609738	3.22199	0.691687	2.15038	0.221964
3.34904	0.656193	2.18651	0.0147476	3.59946	0.747451	3.32946	0.703242	2.14543	0.239895
3.46975	0.668192	2.18921	0.0243753	3.60894	0.795917	3.43667	0.71571	2.14014	0.258449
3.57335	0.674075	2.17189	0.0257422	3.74017	0.719144	3.54362	0.729122	2.13451	0.277612
3.66979	0.667417	2.16844	0.0159231	3.51751	0.554972	3.65028	0.743508	2.12852	0.297373
3.77363	0.711114	2.16756	0.0654773	3.61375	0.76449	3.75663	0.758898	2.12214	0.317718
3.8858	0.705617	2.1711	0.0523742	3.94373	0.55407	3.86265	0.77532	2.11537	0.338634
3.99031	0.763618	2.16256	0.110479	4.19698	0.933497	3.96833	0.792804	2.1082	0.360106
4.11059	0.764837	2.16929	0.101281	4.29055	0.639729	4.07364	0.811376	2.10059	0.382119
4.20863	0.796355	2.15737	0.126437	4.02829	0.81694	4.17857	0.831064	2.09255	0.404657
4.3088	0.820715	2.15366	0.142313	4.21414	0.943447	4.28307	0.851892	2.08405	0.427705
4.39797	0.860271	2.12251	0.172342	4.37425	0.924589	4.38715	0.873887	2.07507	0.451246
4.52037	0.899852	2.12954	0.196371	4.79003	1.14645	4.49077	0.897072	2.06561	0.475262
4.63404	0.917459	2.1527	0.198757	4.49338	0.887389	4.5939	0.921472	2.05564	0.499734
4.74194	0.918671	2.15389	0.187088	4.77162	0.697542	4.69652	0.947107	2.04515	0.524645
4.84112	0.970653	2.14961	0.221849	4.8103	1.07405	4.7986	0.974001	2.03413	0.549975
4.94528	0.996278	2.14939	0.230733	4.93741	1.01775	4.90012	1.00217	2.02255	0.575704
5.04568	1.03681	2.14729	0.251905	4.98636	1.08364	5.00105	1.03164	2.0104	0.60181
5.1405	1.06428	2.14323	0.261394	4.99993	1.06609	5.10136	1.06243	1.99767	0.628273
5.23569	1.08562	2.10818	0.267325	5.82351	1.155	5.20102	1.09455	1.98435	0.655071
5.348	1.12505	2.11393	0.283052	5.52651	1.25611	5.3	1.12802	1.97041	0.682182
5.44713	1.14089	2.10583	0.281291	5.37705	1.06739	5.39826	1.16285	1.95584	0.709581
5.55493	1.17116	2.10902	0.289012	5.66323	1.18848	5.49579	1.19906	1.94063	0.737245
5.6524	1.1893	2.10592	0.288213	5.29824	1.06967	5.59253	1.23667	1.92477	0.76515
5.73889	1.24084	2.10178	0.313955	5.52954	1.44787	5.68847	1.27567	1.90825	0.793271
5.82982	1.30721	2.09982	0.348857	5.74632	1.45072	5.78356	1.31609	1.89104	0.821582
5.92574	1.3467	2.09907	0.361102	5.88672	1.38019	5.87778	1.35793	1.87314	0.850057
6.01747	1.37626	2.08844	0.366832	5.78033	1.2846	5.97108	1.4012	1.85454	0.878669
6.12053	1.42083	2.09219	0.380325	6.22243	1.49993	6.06344	1.44591	1.83523	0.907391
6.20679	1.45127	2.06606	0.388456	6.22334	1.39326	6.15481	1.49206	1.8152	0.936196
6.299	1.49185	2.06479	0.399472	6.24683	1.50147	6.24516	1.53965	1.79443	0.965055
6.3911	1.56427	2.07697	0.430925	6.32726	1.73876	6.33445	1.58868	1.77292	0.99394
6.48294	1.62625	2.07957	0.454622	6.47358	1.80439	6.42265	1.63917	1.75066	1.02282
6.57087	1.69334	2.07717	0.482175	6.73007	1.85614	6.50972	1.6911	1.72765	1.05167
6.64923	1.75506	2.07401	0.505449	6.45079	1.86185	6.59561	1.74447	1.70388	1.08046
6.74208	1.81089	2.08134	0.519433	6.751	1.85787	6.6803	1.79928	1.67934	1.10915
6.82969	1.84729	2.07629	0.52156	6.75569	1.69588	6.76374	1.85552	1.65403	1.13772
6.90813	1.91019	2.06918	0.544294	6.5688	1.88635	6.8459	1.91319	1.62794	1.16614
6.97849	1.97351	2.06381	0.56661	6.70306	2.02723	6.92672	1.97228	1.60107	1.19437
7.05045	2.04171	2.04887	0.594512	6.8583	2.05105	7.00619	2.03278	1.57343	1.22238
7.13113	2.09403	2.04554	0.605226	7.052	2.03675	7.08425	2.09468	1.54501	1.25015
7.20805	2.14708	2.03447	0.618794	6.96289	2.03064	7.16087	2.15795	1.51581	1.27764
7.28058	2.23238	2.0387	0.651314	7.17901	2.45524	7.23601	2.2226	1.48582	1.30482
7.34574	2.31514	2.0258	0.687729	7.37665	2.44236	7.30962	2.2886	1.45507	1.33165
7.41375	2.37165	2.01876	0.700198	7.22722	2.27104	7.38168	2.35593	1.42354	1.35812
7.46992	2.44302	1.99403	0.732666	7.19563	2.34917	7.45214	2.42458	1.39125	1.38417
7.53905	2.51641	1.99461	0.75383	7.47869	2.56662	7.52097	2.49452	1.35819	1.40979
7.59386	2.60849	1.98662	0.794546	7.4922	2.73009	7.58812	2.56573	1.32438	1.43494
7.65692	2.69383	1.99007	0.822097	7.59617	2.81381	7.65355	2.63819	1.28982	1.45959
7.73005	2.7719	2.00449	0.834817	7.62181	2.83226	7.71724	2.71186	1.25452	1.48371
7.79202	2.83975	1.99967	0.849521	7.68815	2.7613	7.77914	2.78674	1.2185	1.50727
7.8473	2.91564	1.98625	0.876374	7.77011	2.8491	7.83923	2.86277	1.18175	1.53024
7.91563	2.98465	1.98457	0.888107	7.96892	2.92922	7.89745	2.93994	1.14431	1.55258
7.96196	3.07023	1.96679	0.926435	8.127	3.12382	7.95378	3.01821	1.10617	1.57427
8.02175	3.13037	1.9579	0.934248	7.97181	2.95043	8.00819	3.09755	1.06735	1.59528
8.08976	3.19665	1.95774	0.940047	8.232	3.13742	8.06063	3.17792	1.02787	1.61558
8.13724	3.30098	1.9676	0.974697	8.06621	3.51871	8.11108	3.25929	0.987752	1.63514
8.17177	3.38228	1.94985	1.00886	7.64811	3.127	8.15951	3.34161	0.947001	1.65393
8.23559	3.45794	1.94983	1.02005	8.39672	3.43213	8.20588	3.42486	0.90564	1.67193
8.27411	3.56146	1.954	1.05676	8.26003	3.75848	8.25016	3.50899	0.86369	1.68911
8.33111	3.62996	1.94724	1.06456	8.40912	3.49408	8.29233	3.59395	0.82117	1.70543
8.37737	3.67442	1.91584	1.07125	7.85412	2.99809	8.33236	3.67971	0.778103	1.72089
8.40187	3.78752	1.92715	1.1122	8.18532	4.00834	8.37022	3.76622	0.734511	1.73545
8.43985	3.88203	1.93308	1.13508	8.20172	3.89883	8.40588	3.85343	0.690417	1.74909
8.47735	3.96232	1.92787	1.15257	8.40043	3.87331	8.43932	3.9413	0.645845	1.76178
8.47327	4.07912	1.91607	1.22351	8.24179	4.19274	8.47052	4.02978	0.600821	1.77351
8.51965	4.1583	1.91238	1.23525	8.68481	4.09645	8.49946	4.11882	0.555371	1.78425
8.54536	4.24133	1.90319	1.26077	8.33764	4.02959	8.52611	4.20837	0.509522	1.79398
8.58986	4.32048	1.89891	1.27173	8.77602	4.25725	8.55045	4.29838	0.4633	1.80269
8.59688	4.40707	1.88441	1.31158	8.05515	4.05083	8.57248	4.3888	0.416735	1.81035
8.62292	4.49288	1.88131	1.33139	8.63084	4.44283	8.59216	4.47957	0.369855	1.81694
8.63137	4.58726	1.87358	1.37304	8.72394	4.59615	8.60949	4.57064	0.32269	1.82246
8.64143	4.6646	1.86259	1.39488	8.46218	4.46814	8.62445	4.66196	0.27527	1.82689
8.66855	4.75684	1.87079	1.40232	8.55271	4.7823	8.63703	4.75348	0.227627	1.83021
8.68198	4.86299	1.88019	1.43062	8.7056	5.01476	8.64723	4.84513	0.179791	1.8324
8.7007	4.93978	1.87139	1.44191	8.32452	4.53967	8.65502	4.93685	0.131795	1.83347
8.72375	5.02715	1.86864	1.45778	8.86209	5.00873	8.66041	5.0286	0.0836704	1.83338
8.71196	5.12513	1.86279	1.50661	8.61848	5.10737	8.66339	5.12031	0.0354505	1.83215
8.71849	5.22546	1.86814	1.53202	8.75668	5.31555	8.66396	5.21194	-0.0128316	1.82976
8.73967	5.29076	1.84928	1.53935	8.8392	4.86707	8.6621	5.3034	-0.0611426	1.82619
8.72904	5.39835	1.85977	1.57236	8.59768	5.5267	8.65784	5.39466	-0.109448	1.82145
8.70084	5.48561	1.84459	1.63421	8.71686	5.31008	8.65115	5.48565	-0.157715	1.81553
8.6755	5.61105	1.86887	1.67622	8.53358	5.93996	8.64205	5.57631	-0.205909	1.80843
8.67297	5.71165	1.87659	1.69211	8.77772	5.94408	8.63055	5.66658	-0.253996	1.80015
8.6752	5.78176	1.85932	1.70685	8.77615	5.55113	8.61664	5.75641	-0.30194	1.79068
8.64414	5.87424	1.85852	1.74751	8.1472	5.61063	8.60034	5.84573	-0.349708	1.78002
8.62606	5.95012	1.84704	1.77144	8.54221	5.74896	8.58165	5.93448	-0.397266	1.76818
8.60666	6.02858	1.83752	1.79925	8.41601	5.69045	8.5606	6.02261	-0.444578	1.75515
8.58716	6.09856	1.82286	1.82196	8.53154	5.85693	8.53718	6.11006	-0.49161	1.74095
8.55592	6.19776	1.83189	1.85319	8.44342	6.36708	8.51142	6.19676	-0.538329	1.72557
8.52543	6.28963	1.83543	1.88188	8.47211	6.32182	8.48333	6.28266	-0.584699	1.70903
8.51863	6.35997	1.82025	1.89405	8.90945	6.18868	8.45293	6.3677	-0.630688	1.69133
8.47316	6.45542	1.82953	1.92765	8.28043	6.51346	8.42025	6.45183	-0.676262	1.67248
8.43867	6.54615	1.83351	1.9576	8.59974	6.75504	8.38529	6.53498	-0.721388	1.65249
8.40527	6.62409	1.82812	1.98281	8.39623	6.53798	8.3481	6.6171	-0.766032	1.63137
8.36431	6.7026	1.82468	2.0198	8.51502	6.69749	8.30868	6.69813	-0.810162	1.60914
8.32177	6.77949	1.82137	2.04768	8.26313	6.69966	8.26708	6.77802	-0.853746	1.5858
8.2748	6.86755	1.82781	2.07334	8.05582	6.89744	8.22331	6.85672	-0.896753	1.56137
8.21438	6.95225	1.83513	2.10671	8.00936	6.95632	8.1774	6.93416	-0.939152	1.53587
8.15627	7.03201	1.83885	2.14263	7.91094	6.9368	8.12939	7.0103	-0.980911	1.50932
8.08882	7.10067	1.83727	2.17724	7.82086	6.92401	8.07932	7.08508	-1.022	1.48173
8.03523	7.17021	1.83359	2.20809	7.95992	6.9979	8.02721	7.15846	-1.06239	1.45311
7.97988	7.24308	1.83327	2.23603	7.96643	7.22984	7.97309	7.23037	-1.10206	1.42351
7.93801	7.3095	1.82353	2.25097	8.05512	7.17432	7.91702	7.30078	-1.14097	1.39292
7.85793	7.40681	1.8499	2.28412	7.64155	7.68961	7.85902	7.36963	-1.17911	1.36138
7.79218	7.46886	1.84706	2.31974	7.64746	7.23483	7.79914	7.43688	-1.21643	1.3289
7.72315	7.53814	1.85045	2.3493	7.64634	7.54057	7.73741	7.50249	-1.25292	1.29552
7.65241	7.62208	1.86391	2.37028	7.56987	7.99477	7.67388	7.5664	-1.28856	1.26125
7.58639	7.67907	1.85814	2.39821	7.57108	7.57287	7.6086	7.62857	-1.32331	1.22612
7.51321	7.76306	1.87309	2.41753	7.55831	8.30666	7.54161	7.68896	-1.35716	1.19016
7.43368	7.80509	1.86356	2.45063	7.24497	7.50051	7.47294	7.74754	-1.39008	1.1534
7.35381	7.8709	1.87266	2.48397	7.43347	8.18103	7.40266	7.80425	-1.42206	1.11586
7.27473	7.92164	1.87063	2.51392	7.18794	7.81645	7.33081	7.85907	-1.45308	1.07757
7.19111	7.97415	1.87374	2.54738	6.97133	7.81537	7.25743	7.91195	-1.4831	1.03856
7.10958	8.02958	1.87751	2.57537	7.06719	8.05887	7.18258	7.96287	-1.51213	0.998861
7.03506	8.07761	1.87335	2.60076	7.10103	8.03278	7.10631	8.01178	-1.54014	0.958505
6.96736	8.11467	1.86019	2.62732	7.09867	7.99919	7.02866	8.05866	-1.56711	0.917521
6.91055	8.14647	1.83571	2.64197	7.02809	7.64912	6.9497	8.10347	-1.59304	0.875941
6.83334	8.19687	1.8378	2.66615	6.89732	8.29698	6.86947	8.1462	-1.6179	0.833798
6.75096	8.21951	1.82812	2.7016	6.36802	7.47141	6.78802	8.1868	-1.6417	0.791123
6.64834	8.27297	1.84737	2.72934	6.43154	8.4139	6.70542	8.22525	-1.6644	0.74795
6.5743	8.32143	1.84402	2.74161	6.86755	8.67874	6.62171	8.26154	-1.68602	0.704311
6.48269	8.37088	1.8553	2.76522	6.4369	8.53964	6.53695	8.29563	-1.70653	0.660241
6.39118	8.41094	1.8594	2.78559	6.14425	8.29583	6.4512	8.32751	-1.72594	0.615772
6.30974	8.44543	1.85717	2.80951	6.39023	8.49248	6.36451	8.35716	-1.74423	0.57094
6.22024	8.47919	1.86017	2.83475	6.25902	8.6242	6.27693	8.38455	-1.7614	0.525778
6.13374	8.50612	1.85829	2.86044	6.15789	8.49645	6.18853	8.40969	-1.77745	0.480319
6.05808	8.5173	1.84184	2.88697	6.08282	8.04828	6.09935	8.43255	-1.79237	0.434599
5.98343	8.53749	1.83137	2.91144	6.16062	8.54024	6.00946	8.45311	-1.80617	0.388652
5.89062	8.55536	1.8391	2.95144	6.18481	9.022	5.91891	8.47138	-1.81884	0.342512
5.78641	8.58163	1.85206	2.97675	5.63497	8.66378	5.82776	8.48733	-1.83039	0.296213
5.69051	8.58352	1.8504	3.01077	5.28929	7.90788	5.73606	8.50097	-1.84082	0.249789
5.59293	8.57547	1.84578	3.04581	5.45393	8.27032	5.64387	8.51229	-1.85014	0.203274
5.51831	8.58534	1.8272	3.05922	5.6562	8.41192	5.55124	8.52128	-1.85834	0.156702
5.4335	8.58955	1.82173	3.08621	5.50219	8.56187	5.45824	8.52794	-1.86544	0.110105
5.3352	8.58874	1.83237	3.12691	5.38623	8.78048	5.36491	8.53228	-1.87144	0.0635176
5.25869	8.57746	1.81752	3.15833	5.4096	8.44452	5.27131	8.53429	-1.87635	0.0169717
5.15817	8.57859	1.82452	3.1842	4.90131	8.41641	5.17749	8.53398	-1.88019	-0.0295004
5.07625	8.58102	1.82022	3.20853	5.21307	8.70108	5.08351	8.53135	-1.88296	-0.0758668
4.98638	8.57309	1.82303	3.24158	5.14936	8.8108	4.98941	8.52641	-1.88467	-0.122096
4.90383	8.52937	1.8071	3.28411	4.89294	8.05666	4.89526	8.51916	-1.88535	-0.168158
4.80656	8.52799	1.80807	3.29824	4.54225	8.38206	4.80111	8.50962	-1.885	-0.214021
4.70018	8.50245	1.81718	3.32993	4.44716	8.28013	4.70699	8.49779	-1.88364	-0.259656
4.60954	8.49105	1.81593	3.35058	4.56448	8.49842	4.61297	8.48369	-1.88129	-0.305035
4.50077	8.48514	1.83305	3.37024	4.2943	8.60472	4.5191	8.46733	-1.87796	-0.350129
4.41011	8.46478	1.83113	3.39323	4.27346	8.23093	4.42541	8.44873	-1.87368	-0.39491
4.32731	8.42895	1.82444	3.42617	4.35533	8.25904	4.33197	8.4279	-1.86846	-0.439352
4.23937	8.40563	1.82679	3.45328	4.33351	8.63102	4.2388	8.40486	-1.86232	-0.483428
4.14631	8.36869	1.82978	3.48331	4.03968	8.21676	4.14597	8.37962	-1.85529	-0.527114
4.06535	8.3437	1.81955	3.50124	4.10401	8.31615	4.05351	8.35222	-1.84739	-0.570384
3.9759	8.33524	1.82555	3.51559	4.005	8.66463	3.96147	8.32267	-1.83863	-0.613216
3.89623	8.31449	1.8094	3.52364	3.91515	8.25495	3.86989	8.29099	-1.82905	-0.655586
3.82636	8.27261	1.79864	3.55503	3.96765	8.20155	3.77881	8.2572	-1.81868	-0.697473
3.74113	8.23564	1.80922	3.58745	3.88015	8.65709	3.68826	8.22134	-1.80752	-0.738856
3.6652	8.20386	1.80563	3.61086	3.75849	8.33021	3.59829	8.18342	-1.79562	-0.779715
3.57714	8.16681	1.80729	3.6297	3.39441	7.94916	3.50893	8.14348	-1.78299	-0.820031
3.48545	8.13204	1.81586	3.64829	3.37084	8.20202	3.42023	8.10153	-1.76967	-0.859787
3.40381	8.10439	1.81066	3.65928	3.54129	8.57193	3.3322	8.05762	-1.75567	-0.898965
3.31946	8.06613	1.81461	3.67894	3.27544	8.14277	3.24489	8.01176	-1.74104	-0.937549
3.23495	8.02908	1.81653	3.69482	3.23909	8.25884	3.15832	7.964	-1.7258	-0.975525
3.17788	7.97227	1.80293	3.72916	3.38012	7.90671	3.07253	7.91435	-1.70997	-1.01288
3.11473	7.91138	1.80021	3.76582	3.22081	7.84023	2.98755	7.86285	-1.69359	-1.0496
3.02753	7.87286	1.80893	3.77929	2.91416	8.03542	2.90339	7.80954	-1.67669	-1.08567
2.95809	7.79862	1.82425	3.82496	2.90665	7.54322	2.8201	7.75444	-1.65929	-1.12108
2.88192	7.72099	1.82982	3.85765	2.74835	7.39419	2.73768	7.69758	-1.64143	-1.15582
2.788	7.66056	1.85399	3.87843	2.47969	7.4156	2.65616	7.63901	-1.62313	-1.18989
2.72074	7.60514	1.85223	3.90145	2.76041	7.71471	2.57557	7.57876	-1.60443	-1.22327
2.62071	7.55452	1.87133	3.90749	2.31697	7.54273	2.49592	7.51685	-1.58536	-1.25596
2.53387	7.48214	1.88475	3.9274	2.29033	7.29558	2.41723	7.45333	-1.56594	-1.28795
2.47844	7.41439	1.87427	3.95528	2.57597	7.41172	2.33952	7.38823	-1.54621	-1.31924
2.41423	7.34614	1.87423	3.98006	2.41485	7.34334	2.2628	7.32159	-1.5262	-1.34982
2.37294	7.26041	1.8646	4.02156	2.3821	6.76009	2.18709	7.25343	-1.50594	-1.3797
2.27266	7.19828	1.88664	4.02295	1.86051	7.20667	2.11239	7.1838	-1.48545	-1.40885
2.16633	7.14241	1.91602	4.02031	1.88543	7.43466	2.03872	7.11273	-1.46478	-1.4373
2.0975	7.06465	1.92141	4.04159	1.99986	6.97347	1.96609	7.04026	-1.44394	-1.46503
2.03636	6.99561	1.90866	4.05602	1.96493	6.74492	1.8945	6.96641	-1.42297	-1.49204
1.96628	6.90365	1.9196	4.07917	1.78299	6.60205	1.82395	6.89124	-1.4019	-1.51835
1.87089	6.85682	1.916	4.06224	1.68637	7.15025	1.75446	6.81477	-1.38075	-1.54394
1.80546	6.78088	1.91991	4.0793	1.72649	6.75964	1.68603	6.73704	-1.35956	-1.56882
1.74724	6.69674	1.92372	4.10263	1.63066	6.27603	1.61866	6.65808	-1.33835	-1.593
1.65771	6.62234	1.94028	4.10276	1.30405	6.58132	1.55234	6.57793	-1.31715	-1.61647
1.61672	6.53	1.9442	4.13952	1.65301	6.36864	1.48708	6.49662	-1.29599	-1.63925
1.56862	6.44695	1.94235	4.16374	1.61291	6.43759	1.42288	6.41419	-1.2749	-1.66134
1.51495	6.36857	1.9444	4.18237	1.5708	6.69546	1.35972	6.33068	-1.25391	-1.68274
1.43225	6.29451	1.95737	4.1802	1.10236	6.35393	1.29761	6.24611	-1.23303	-1.70346
1.37386	6.22014	1.94739	4.18781	1.32674	6.1758	1.23654	6.16052	-1.21229	-1.72351
1.30982	6.1342	1.95518	4.19876	1.14042	6.06217	1.17649	6.07395	-1.19173	-1.7429
1.22538	6.05007	1.97831	4.19796	0.983572	5.76192	1.11747	5.98642	-1.17136	-1.76162
1.18432	5.94393	1.9823	4.2277	1.21209	5.6326	1.05946	5.89797	-1.15121	-1.7797
1.10308	5.86371	1.99852	4.22367	0.93589	5.90055	1.00245	5.80863	-1.13131	-1.79714
1.06526	5.76647	1.99801	4.25047	1.14143	5.63914	0.946429	5.71844	-1.11167	-1.81394
0.977353	5.69295	2.00563	4.23482	0.795612	5.78086	0.891378	5.62742	-1.09232	-1.83012
0.937628	5.61323	1.99928	4.25366	1.03112	5.78287	0.837285	5.5356	-1.07328	-1.84569
0.884253	5.51306	2.01907	4.27251	0.786501	5.23376	0.784133	5.44302	-1.05457	-1.86066
0.822787	5.41834	2.02815	4.27885	0.604569	5.31827	0.731906	5.34971	-1.03621	-1.87503
0.763294	5.32754	2.03431	4.28439	0.66923	5.13822	0.680586	5.25569	-1.01823	-1.88882
0.728137	5.23538	2.03133	4.30579	0.810775	5.25541	0.630154	5.16099	-1.00063	-1.90204
0.65934	5.14972	2.03497	4.29994	0.539727	5.03648	0.580589	5.06564	-0.983451	-1.91469
0.594885	5.0524	2.04608	4.30088	0.303207	4.93513	0.531871	4.96968	-0.966698	-1.92679
0.561093	4.96023	2.04119	4.32031	0.604444	5.08008	0.483977	4.87312	-0.95039	-1.93834
0.50968	4.85884	2.04911	4.32899	0.342901	4.71529	0.436886	4.77599	-0.934544	-1.94936
0.435149	4.76734	2.05789	4.31716	0.28688	4.39888	0.390574	4.67833	-0.919178	-1.95986
0.391431	4.67169	2.05981	4.32873	0.337223	4.65205	0.345016	4.58015	-0.904306	-1.96985
0.368131	4.54925	2.08206	4.36545	0.315986	3.65787	0.300187	4.48148	-0.889943	-1.97933
0.328504	4.45629	2.08152	4.37663	0.278645	4.53317	0.256061	4.38235	-0.876103	-1.98832
0.261499	4.37836	2.06255	4.35722	0.18018	4.38219	0.212613	4.28277	-0.862801	-1.99683
0.233464	4.28535	2.05802	4.37569	0.348284	4.35754	0.169815	4.18279	-0.850048	-2.00486
0.170227	4.18947	2.06525	4.36699	0.0773347	3.88793	0.127639	4.08241	-0.837857	-2.01243
0.1264	4.10234	2.06399	4.37155	0.00690888	4.26218	0.0860566	3.98165	-0.82624	-2.01954
0.0760219	3.99325	2.08905	4.37973	0.00717319	3.77269	0.0450392	3.88056	-0.815208	-2.0262
0.0419085	3.87503	2.09805	4.39555	0.019945	3.5395	0.00455718	3.77914	-0.80477	-2.03242
0.0189636	3.77391	2.09417	4.41527	0.0456444	3.66181	-0.0354193	3.67741	-0.794938	-2.03821
-0.00343025	3.66374	2.09581	4.43589	0.124652	3.49826	-0.0749208	3.57541	-0.785719	-2.04358
-0.0696352	3.55052	2.13104	4.42747	-0.173288	3.32755	-0.113978	3.47314	-0.777122	-2.04852
-0.0855583	3.44435	2.12778	4.45121	0.16153	3.39031	-0.152623	3.37063	-0.769155	-2.05306
-0.124107	3.35248	2.11794	4.45119	-0.153036	3.649	-0.190886	3.26791	-0.761825	-2.05719
-0.150218	3.24448	2.12025	4.46517	-0.132577	3.14646	-0.2288	3.16498	-0.755139	-2.06092
-0.196723	3.13695	2.13587	4.46392	-0.248573	3.09907	-0.266397	3.06188	-0.749103	-2.06425
-0.229807	3.0414	2.13451	4.46945	-0.363672	3.16981	-0.303709	2.95862	-0.743722	-2.0672
-0.277995	2.94377	2.12964	4.45884	-0.308621	2.8745	-0.340771	2.85521	-0.739	-2.06976
-0.313046	2.84694	2.12968	4.4621	-0.496193	2.94238	-0.377613	2.75168	-0.734943	-2.07194
-0.361938	2.74874	2.12147	4.4481	-0.347621	2.43729	-0.414271	2.64806	-0.731553	-2.07374
-0.388391	2.64217	2.1231	4.45861	-0.364417	2.57068	-0.450777	2.54434	-0.728833	-2.07516
-0.431201	2.53876	2.12742	4.45354	-0.452169	2.48586	-0.487165	2.44057	-0.726786	-2.07622
-0.464818	2.43995	2.12808	4.45653	-0.636938	2.49331	-0.523468	2.33674	-0.725414	-2.0769
-0.522837	2.32945	2.1439	4.43893	-0.532665	2.11509	-0.559721	2.23289	-0.724717	-2.07721
-0.551492	2.21861	2.14779	4.44677	-0.570108	2.08267	-0.595957	2.12903	-0.724696	-2.07715
-0.606948	2.10145	2.17022	4.43317	-0.590303	1.85254	-0.632209	2.02518	-0.725351	-2.07672
-0.635861	1.9813	2.17836	4.44087	-0.685503	1.69439	-0.668513	1.92136	-0.726682	-2.07592
-0.696882	1.87706	2.18284	4.41369	-0.745036	1.89747	-0.704901	1.81758	-0.728687	-2.07475
-0.726432	1.76986	2.18303	4.42048	-0.64262	1.73382	-0.741407	1.71387	-0.731364	-2.0732
-0.78034	1.65165	2.20564	4.40765	-0.864829	1.71233	-0.778064	1.61024	-0.734711	-2.07128
-0.8126	1.54406	2.2066	4.41225	-0.803079	1.50161	-0.814907	1.50671	-0.738725	-2.06899
-0.862085	1.43576	2.21463	4.39836	-0.963306	1.56119	-0.851969	1.40331	-0.743403	-2.06631
-0.897952	1.33158	2.21514	4.40008	-0.969432	1.32885	-0.889281	1.30005	-0.748739	-2.06325
-0.943506	1.21966	2.22132	4.38688	-0.691374	0.881861	-0.926878	1.19694	-0.75473	-2.0598
-0.979238	1.12116	2.21622	4.38874	-0.813196	1.33874	-0.964792	1.09402	-0.76137	-2.05596
-1.02371	1.02752	2.20504	4.37278	-0.683674	0.704187	-1.00305	0.991291	-0.768652	-2.05171
-1.06138	0.924893	2.20477	4.37291	-1.07599	0.948971	-1.0417	0.888785	-0.776571	-2.04707
-1.10607	0.819074	2.2091	4.36051	-0.881887	0.651653	-1.08076	0.786519	-0.785118	-2.04202
-1.14459	0.715283	2.20972	4.36008	-1.1791	0.687526	-1.12026	0.684513	-0.794287	-2.03654
-1.18927	0.609132	2.21565	4.34831	-0.930215	0.475598	-1.16024	0.582788	-0.804068	-2.03065
-1.22342	0.504219	2.21166	4.35018	-0.989633	0.642324	-1.20072	0.481367	-0.814452	-2.02432
-1.26194	0.39852	2.21379	4.34907	-1.19916	0.376151	-1.24173	0.38027	-0.82543	-2.01756
-1.2986	0.295142	2.21081	4.34926	-1.16911	0.420098	-1.28332	0.27952	-0.836991	-2.01035
-1.34814	0.193697	2.21832	4.33816	-1.75564	0.252488	-1.32549	0.179139	-0.849124	-2.00269
-1.38099	0.0860461	2.21747	4.34103	-1.25027	-0.108838	-1.36829	0.0791509	-0.861818	-1.99456
-1.42843	-0.0214898	2.23136	4.33246	-1.50463	-0.0557566	-1.41174	-0.0204216	-0.875061	-1.98596
-1.46871	-0.125538	2.23117	4.33112	-1.4519	-0.149275	-1.45587	-0.119554	-0.888838	-1.97688
-1.50895	-0.2272	2.22465	4.33389	-1.76278	-0.262521	-1.50069	-0.218223	-0.903138	-1.96731
-1.54655	-0.332055	2.22451	4.33448	-1.48568	-0.445079	-1.54625	-0.316403	-0.917945	-1.95723
-1.59322	-0.436857	2.23353	4.32906	-2.089	-0.580161	-1.59256	-0.414068	-0.933245	-1.94665
-1.63229	-0.540195	2.23104	4.32819	-1.55586	-0.479143	-1.63965	-0.511194	-0.949022	-1.93555
-1.67992	-0.640374	2.23099	4.31941	-1.28802	-0.47906	-1.68755	-0.607753	-0.965261	-1.92392
-1.73204	-0.74581	2.24138	4.31553	-1.99112	-0.999938	-1.73627	-0.703719	-0.981944	-1.91175
-1.7928	-0.841924	2.2415	4.29887	-2.03914	-0.914076	-1.78583	-0.799065	-0.999053	-1.89903
-1.84151	-0.94435	2.24325	4.29438	-1.94097	-0.923811	-1.83626	-0.893762	-1.01657	-1.88575
-1.91201	-1.03461	2.23944	4.26929	-2.30766	-1.16246	-1.88758	-0.987782	-1.03448	-1.8719
-1.96058	-1.13356	2.23658	4.26338	-1.98583	-1.00076	-1.93981	-1.0811	-1.05276	-1.85747
-2.01418	-1.22892	2.23032	4.25382	-2.12349	-1.26797	-1.99296	-1.17368	-1.07139	-1.84245
-2.06502	-1.32716	2.22875	4.24747	-2.11334	-1.23556	-2.04706	-1.26549	-1.09035	-1.82683
-2.10744	-1.42744	2.22477	4.24858	-1.88254	-1.28984	-2.10211	-1.35651	-1.10962	-1.81061
-2.16426	-1.5209	2.22058	4.23629	-2.37543	-1.24244	-2.15813	-1.44671	-1.12918	-1.79376
-2.23282	-1.59953	2.20342	4.20866	-2.28633	-1.52714	-2.21514	-1.53604	-1.149	-1.77629
-2.2784	-1.6885	2.19286	4.20152	-2.11882	-1.45668	-2.27315	-1.62449	-1.16907	-1.75818
-2.34247	-1.77323	2.18143	4.18443	-2.76737	-2.02052	-2.33217	-1.71202	-1.18935	-1.73942
-2.39902	-1.87035	2.18476	4.17945	-2.42912	-1.95465	-2.39221	-1.7986	-1.20983	-1.72001
-2.45619	-1.94834	2.1654	4.16344	-2.20901	-1.69546	-2.45329	-1.88418	-1.23048	-1.69994
-2.50816	-2.03248	2.15683	4.15368	-2.42464	-1.82026	-2.5154	-1.96875	-1.25127	-1.67921
-2.58415	-2.11469	2.15907	4.129	-2.89935	-2.27533	-2.57855	-2.05227	-1.27218	-1.6578
-2.6466	-2.21231	2.16603	4.12483	-2.70016	-2.39403	-2.64276	-2.1347	-1.29319	-1.63571
-2.70603	-2.27645	2.13164	4.10531	-2.53838	-2.04618	-2.70802	-2.216	-1.31426	-1.61293
-2.76213	-2.36173	2.12848	4.0986	-2.6657	-2.31604	-2.77433	-2.29615	-1.33537	-1.58946
-2.82792	-2.44264	2.12281	4.08522	-2.98208	-2.53605	-2.84171	-2.37511	-1.3565	-1.56529
-2.88456	-2.52994	2.12189	4.08118	-2.76983	-2.56226	-2.91014	-2.45284	-1.3776	-1.54042
-2.94626	-2.60143	2.10672	4.06641	-2.67387	-2.31327	-2.97963	-2.52931	-1.39866	-1.51485
-3.01109	-2.67876	2.10298	4.0533	-3.03935	-2.54436	-3.05017	-2.60449	-1.41965	-1.48857
-3.09401	-2.74609	2.09931	4.02515	-3.36123	-2.84403	-3.12176	-2.67833	-1.44054	-1.46159
-3.15758	-2.83764	2.10443	4.02387	-3.10685	-3.0339	-3.1944	-2.7508	-1.4613	-1.43389
-3.23987	-2.88326	2.07839	3.98723	-3.15653	-2.6157	-3.26807	-2.82187	-1.4819	-1.40548
-3.31437	-2.96077	2.08019	3.97398	-3.41578	-2.9618	-3.34277	-2.8915	-1.50231	-1.37637
-3.38573	-3.02215	2.06487	3.95494	-3.24404	-2.83062	-3.41848	-2.95966	-1.52249	-1.34654
-3.48183	-3.09295	2.0716	3.92824	-3.91742	-3.05325	-3.4952	-3.02631	-1.54243	-1.31602
-3.5638	-3.14163	2.05034	3.89903	-3.63327	-3.06704	-3.57291	-3.09141	-1.56209	-1.28479
-3.63844	-3.2133	2.05102	3.88773	-3.64382	-3.23491	-3.6516	-3.15493	-1.58144	-1.25286
-3.72743	-3.27427	2.05861	3.86317	-3.74604	-3.18946	-3.73125	-3.21683	-1.60044	-1.22023
-3.79326	-3.33376	2.05051	3.85193	-3.58841	-3.17482	-3.81184	-3.27709	-1.61908	-1.18692
-3.86584	-3.40238	2.05009	3.84324	-3.67345	-3.26055	-3.89336	-3.33566	-1.63732	-1.15293
-3.94285	-3.45334	2.04327	3.82292	-3.88897	-3.2133	-3.97578	-3.39251	-1.65512	-1.11827
-4.04056	-3.49586	2.04155	3.78827	-4.10561	-3.37007	-4.05907	-3.44761	-1.67247	-1.08294
-4.11136	-3.54983	2.03432	3.77594	-3.92521	-3.40936	-4.14323	-3.50093	-1.68932	-1.04695
-4.20767	-3.59808	2.03586	3.74824	-4.43493	-3.66585	-4.22821	-3.55242	-1.70566	-1.01032
-4.287	-3.64535	2.03018	3.73019	-4.19181	-3.47541	-4.314	-3.60207	-1.72144	-0.973064
-4.39638	-3.68554	2.04716	3.69531	-4.49729	-3.55535	-4.40057	-3.64984	-1.73665	-0.935185
-4.4825	-3.74518	2.04874	3.68418	-4.48625	-3.82653	-4.48788	-3.69569	-1.75125	-0.8967
-4.57519	-3.78554	2.04289	3.65916	-4.54622	-3.68405	-4.5759	-3.73961	-1.76521	-0.857624
-4.6667	-3.83165	2.04281	3.64004	-4.69538	-3.77921	-4.66461	-3.78155	-1.77851	-0.817973
-4.76575	-3.87237	2.03862	3.61445	-5.1729	-4.12921	-4.75397	-3.82149	-1.79112	-0.777764
-4.84355	-3.92302	2.03373	3.60713	-4.66418	-3.9383	-4.84394	-3.85941	-1.80301	-0.737014
-4.93799	-3.95245	2.02464	3.57919	-4.83349	-3.78384	-4.93448	-3.89528	-1.81416	-0.695741
-5.03324	-4.004	2.02861	3.56664	-5.11742	-4.1316	-5.02557	-3.92906	-1.82454	-0.653966
-5.12859	-4.03346	2.02282	3.54113	-5.04338	-3.89772	-5.11715	-3.96074	-1.83412	-0.611709
-5.2208	-4.06715	2.02109	3.52191	-5.18736	-3.99138	-5.20919	-3.99029	-1.84288	-0.568992
-5.3399	-4.08352	2.03052	3.4825	-5.84668	-4.20631	-5.30165	-4.0177	-1.8508	-0.525837
-5.42914	-4.10152	2.02403	3.45847	-5.27596	-3.87805	-5.39448	-4.04293	-1.85784	-0.482266
-5.52467	-4.11119	1.99629	3.42006	-5.758	-4.26349	-5.48765	-4.06597	-1.86401	-0.438305
-5.61808	-4.13263	1.99394	3.39888	-5.55864	-4.04996	-5.58109	-4.0868	-1.86926	-0.393978
-5.71455	-4.16322	1.9894	3.38108	-6.10142	-4.51118	-5.67478	-4.10541	-1.87357	-0.349311
-5.81244	-4.16839	1.98763	3.3508	-5.76421	-3.95137	-5.76865	-4.12177	-1.87694	-0.30433
-5.90732	-4.1753	1.97364	3.31915	-5.84897	-4.12112	-5.86267	-4.13587	-1.87934	-0.259063
-6.00187	-4.18317	1.97121	3.29448	-5.92872	-4.06121	-5.95678	-4.14769	-1.88075	-0.213538
-6.07489	-4.22243	1.95354	3.29451	-5.78846	-4.33875	-6.05094	-4.15724	-1.88116	-0.167783
-6.16688	-4.24028	1.95113	3.27841	-6.10978	-4.25882	-6.14509	-4.16448	-1.88054	-0.121828
-6.26366	-4.21393	1.9285	3.22418	-6.04741	-3.92631	-6.23918	-4.16943	-1.8789	-0.0757031
-6.36993	-4.2154	1.93436	3.19615	-6.50345	-4.17879	-6.33317	-4.17206	-1.8762	-0.0294378
-6.46945	-4.20679	1.92881	3.1611	-6.57494	-4.21413	-6.42698	-4.17237	-1.87244	0.0169363
-6.54622	-4.21716	1.91691	3.15009	-6.27365	-4.24346	-6.52059	-4.17036	-1.86761	0.0633876
-6.64032	-4.20647	1.91634	3.12233	-6.21355	-3.86193	-6.61392	-4.16602	-1.86169	0.109884
-6.72241	-4.2103	1.90772	3.10771	-6.52984	-4.2263	-6.70692	-4.15936	-1.85469	0.156394
-6.81314	-4.18495	1.89871	3.06848	-6.34213	-3.81738	-6.79955	-4.15036	-1.84658	0.202884
-6.90511	-4.18779	1.89646	3.05285	-6.89678	-4.28616	-6.89174	-4.13904	-1.83737	0.24932
-6.98761	-4.17474	1.88011	3.02282	-6.71963	-4.12626	-6.98344	-4.12541	-1.82704	0.295671
-7.08131	-4.14189	1.8824	2.98692	-7.01674	-3.90856	-7.07459	-4.10945	-1.8156	0.341902
-7.18021	-4.10809	1.8861	2.94878	-7.16531	-3.93386	-7.16514	-4.09119	-1.80304	0.387978
-7.26856	-4.06404	1.88677	2.9102	-7.12046	-3.77284	-7.25503	-4.07062	-1.78935	0.433868
-7.36968	-4.04069	1.89106	2.88118	-8.00698	-4.3471	-7.3442	-4.04776	-1.77455	0.479535
-7.45765	-4.04796	1.88364	2.87638	-7.49921	-4.37448	-7.43261	-4.02263	-1.75862	0.524947
-7.54125	-3.99655	1.86985	2.82079	-7.48477	-3.95017	-7.52018	-3.99523	-1.74157	0.570069
-7.62844	-3.96793	1.86872	2.79613	-7.60724	-3.97297	-7.60688	-3.96558	-1.7234	0.614868
-7.70186	-3.94841	1.85271	2.77388	-7.43289	-4.06123	-7.69263	-3.9337	-1.70412	0.659308
-7.80591	-3.88901	1.87045	2.73145	-8.02404	-3.66265	-7.77739	-3.89961	-1.68373	0.703357
-7.8863	-3.86599	1.86262	2.71304	-7.93596	-4.07416	-7.8611	-3.86333	-1.66225	0.74698
-7.97264	-3.82234	1.86509	2.6843	-7.9879	-3.77477	-7.9437	-3.82487	-1.63967	0.790145
-8.05356	-3.80717	1.85736	2.6763	-8.26093	-4.16204	-8.02514	-3.78427	-1.616	0.832817
-8.12313	-3.75599	1.85169	2.6462	-7.87991	-3.62443	-8.10538	-3.74155	-1.59126	0.874966
-8.19667	-3.72005	1.84129	2.62038	-8.16178	-3.88284	-8.18434	-3.69673	-1.56547	0.916557
-8.26203	-3.67629	1.83135	2.59605	-8.02804	-3.66528	-8.26198	-3.64985	-1.53862	0.957558
-8.34149	-3.64213	1.8303	2.58384	-8.32765	-3.71528	-8.33826	-3.60094	-1.51074	0.997939
-8.42005	-3.60225	1.82772	2.5635	-8.45465	-3.69326	-8.41311	-3.55003	-1.48183	1.03767
-8.49223	-3.55151	1.82562	2.53871	-8.17306	-3.42764	-8.48648	-3.49714	-1.45193	1.07671
-8.57914	-3.49077	1.83658	2.50961	-8.75697	-3.42193	-8.55834	-3.44232	-1.42103	1.11505
-8.64598	-3.42567	1.83411	2.47232	-8.36291	-3.28624	-8.62862	-3.38561	-1.38917	1.15264
-8.72058	-3.3434	1.84675	2.4339	-8.71789	-3.08715	-8.69728	-3.32704	-1.35636	1.18946
-8.79341	-3.27613	1.84991	2.39903	-9.15808	-3.36078	-8.76428	-3.26664	-1.32262	1.22548
-8.85151	-3.19197	1.85392	2.36104	-8.64635	-2.95166	-8.82956	-3.20447	-1.28797	1.26068
-8.92182	-3.14294	1.85106	2.35178	-8.96196	-3.2465	-8.89309	-3.14056	-1.25244	1.29502
-8.99002	-3.08015	1.85143	2.32772	-9.04673	-3.11552	-8.95481	-3.07496	-1.21605	1.32848
-9.04547	-3.02234	1.8413	2.30243	-8.82769	-3.12725	-9.0147	-3.00771	-1.17882	1.36104
-9.10256	-2.96208	1.83455	2.2797	-9.04167	-3.04075	-9.0727	-2.93886	-1.14077	1.39267
-9.16109	-2.89783	1.83214	2.26138	-8.85479	-2.83206	-9.12877	-2.86845	-1.10195	1.42336
-9.2188	-2.81074	1.84078	2.22864	-9.18604	-2.63919	-9.18288	-2.79653	-1.06236	1.45306
-9.26198	-2.70848	1.84696	2.16964	-9.1054	-2.48825	-9.23499	-2.72316	-1.02204	1.48178
-9.33333	-2.61998	1.86422	2.14076	-9.64326	-2.5172	-9.28507	-2.64837	-0.981014	1.50948
-9.37318	-2.54872	1.85427	2.11024	-9.00979	-2.61636	-9.33308	-2.57224	-0.939316	1.53614
-9.41442	-2.47091	1.85001	2.08209	-9.30973	-2.48182	-9.37898	-2.49479	-0.896973	1.56175
-9.46193	-2.3856	1.854	2.0534	-9.55276	-2.33481	-9.42275	-2.4161	-0.854015	1.5863
-9.50703	-2.30786	1.85233	2.02789	-9.54698	-2.35569	-9.46436	-2.33621	-0.810473	1.60975
-9.54086	-2.23024	1.8455	1.99646	-9.37699	-2.32074	-9.50378	-2.25518	-0.766379	1.63211
-9.59094	-2.1399	1.85514	1.96937	-9.78719	-2.08397	-9.54097	-2.17305	-0.721764	1.65335
-9.62794	-2.04602	1.86099	1.94326	-9.36361	-1.84643	-9.57593	-2.0899	-0.676662	1.67347
-9.66273	-1.97353	1.852	1.92046	-9.6903	-2.12476	-9.60861	-2.00578	-0.631104	1.69244
-9.69598	-1.89517	1.84719	1.88958	-10.2653	-2.1699	-9.63901	-1.92074	-0.585124	1.71027
-9.72789	-1.80075	1.85304	1.86059	-9.77321	-1.73101	-9.6671	-1.83484	-0.538755	1.72694
-9.73702	-1.70082	1.85544	1.80784	-9.51673	-1.64883	-9.69286	-1.74813	-0.492032	1.74244
-9.7632	-1.62133	1.84963	1.7827	-9.84427	-1.73852	-9.71627	-1.66069	-0.444988	1.75677
-9.78131	-1.52358	1.85384	1.75478	-9.42472	-1.35099	-9.73733	-1.57256	-0.397658	1.76992
-9.79385	-1.43896	1.8476	1.72598	-9.72394	-1.50638	-9.75602	-1.4838	-0.350076	1.78189
-9.82169	-1.36746	1.83257	1.73325	-9.14507	-1.38369	-9.77232	-1.39448	-0.302277	1.79267
-9.8339	-1.27363	1.83425	1.70487	-9.78864	-1.23496	-9.78623	-1.30466	-0.254295	1.80227
-9.84352	-1.18355	1.83247	1.67953	-9.52757	-1.15367	-9.79773	-1.21439	-0.206164	1.81067
-9.85715	-1.10308	1.82563	1.65596	-9.92409	-1.21992	-9.80683	-1.12373	-0.15792	1.81789
-9.8601	-1.0189	1.8193	1.6281	-9.61196	-1.09992	-9.81351	-1.03274	-0.109597	1.82393
-9.86032	-0.936697	1.81141	1.60099	-9.7809	-1.0279	-9.81778	-0.941478	-0.0612291	1.82878
-9.86533	-0.828495	1.82604	1.57054	-10.0658	-0.584268	-9.81963	-0.850009	-0.0128505	1.83245
-9.86076	-0.761818	1.80593	1.54525	-9.79421	-1.02796	-9.81907	-0.758389	0.0355047	1.83495
-9.85394	-0.667574	1.81055	1.50705	-10.1267	-0.65727	-9.81609	-0.666675	0.0838028	1.83628
-9.85535	-0.573642	1.81488	1.4816	-9.97396	-0.53657	-9.8107	-0.574926	0.13201	1.83646
-9.84519	-0.465069	1.82949	1.4495	-9.78778	-0.205698	-9.8029	-0.4832	0.180095	1.83549
-9.82722	-0.37586	1.82703	1.41935	-9.71251	-0.390962	-9.79271	-0.391552	0.228023	1.83339
-9.81481	-0.297501	1.81995	1.38675	-10.3219	-0.509912	-9.78013	-0.30004	0.275762	1.83015
-9.79308	-0.197707	1.82746	1.35614	-9.7057	-0.0829539	-9.76517	-0.208719	0.323282	1.82581
-9.77064	-0.116089	1.82064	1.32788	-9.51876	-0.2179	-9.74784	-0.117646	0.37055	1.82036
-9.73529	-0.0450092	1.80535	1.29484	-9.51449	-0.231191	-9.72815	-0.0268731	0.417537	1.81383
-9.71081	0.0576153	1.81702	1.26751	-9.65321	-0.133264	-9.70613	0.0635447	0.464212	1.80623
-9.68517	0.146921	1.81945	1.23987	-9.70769	0.212017	-9.68179	0.153555	0.510546	1.79759
-9.67695	0.230532	1.80936	1.2385	-9.87953	0.148546	-9.65514	0.243105	0.55651	1.78791
-9.64727	0.31825	1.81143	1.21187	-9.64177	0.368904	-9.6262	0.332145	0.602077	1.77721
-9.61868	0.401687	1.80965	1.18742	-9.76155	0.363432	-9.595	0.420625	0.647219	1.76553
-9.58681	0.495585	1.81925	1.16267	-9.60796	0.696349	-9.56156	0.508494	0.69191	1.75287
-9.55309	0.566657	1.80556	1.13876	-9.50092	0.259474	-9.5259	0.595707	0.736124	1.73926
-9.51262	0.660325	1.81699	1.11311	-9.45402	0.876633	-9.48804	0.682214	0.779837	1.72473
-9.4673	0.743238	1.82278	1.07748	-9.62835	0.806653	-9.44801	0.767973	0.823026	1.70929
-9.42403	0.826703	1.82587	1.05113	-9.41841	0.879798	-9.40584	0.852936	0.865667	1.69297
-9.37603	0.911934	1.83238	1.02356	-9.25612	1.02329	-9.36156	0.937063	0.907738	1.6758
-9.31886	1.0027	1.84528	0.995838	-9.14623	1.20027	-9.31519	1.02031	0.949219	1.65781
-9.28377	1.08541	1.84271	0.984352	-9.71383	1.17187	-9.26676	1.10264	0.990089	1.63901
-9.24449	1.17607	1.85373	0.965638	-9.43201	1.36117	-9.21631	1.18401	1.03033	1.61944
-9.19679	1.2618	1.85687	0.951314	-9.04926	1.36104	-9.16387	1.26438	1.06992	1.59913
-9.13806	1.33094	1.85201	0.922881	-9.05941	1.24999	-9.10946	1.34372	1.10886	1.5781
-9.0744	1.41136	1.86427	0.889095	-9.09419	1.55544	-9.05313	1.42199	1.14711	1.55638
-9.01521	1.49234	1.87178	0.865475	-9.0035	1.59871	-8.99491	1.49916	1.18466	1.53401
-8.96725	1.56701	1.86635	0.852831	-9.29017	1.60731	-8.93482	1.57519	1.22152	1.51101
-8.89366	1.64248	1.87356	0.825383	-8.6848	1.70668	-8.87292	1.65006	1.25765	1.48741
-8.83199	1.70627	1.86975	0.79839	-8.99804	1.66802	-8.80923	1.72374	1.29304	1.46324
-8.76378	1.77653	1.87319	0.773321	-8.71261	1.81447	-8.74379	1.7962	1.3277	1.43854
-8.69918	1.84527	1.87043	0.75621	-8.44764	1.80898	-8.67664	1.86741	1.36161	1.41334
-8.62613	1.92304	1.88242	0.734474	-8.54183	2.07396	-8.60782	1.93735	1.39476	1.38766
-8.55747	1.98541	1.87633	0.716845	-8.1582	1.86401	-8.53736	2.006	1.42714	1.36155
-8.49122	2.03078	1.86278	0.688596	-8.56247	1.85393	-8.4653	2.07333	1.45875	1.33502
-8.42199	2.07939	1.85382	0.661905	-8.47136	1.96274	-8.39168	2.13932	1.48958	1.30812
-8.34881	2.15003	1.86373	0.642504	-8.35236	2.29796	-8.31655	2.20397	1.51964	1.28087
-8.26779	2.22416	1.87715	0.625483	-7.8785	2.32638	-8.23993	2.26725	1.54891	1.25331
-8.1864	2.2815	1.88071	0.601239	-8.09703	2.30448	-8.16187	2.32914	1.5774	1.22547
-8.11061	2.34646	1.89011	0.580187	-8.50866	2.58791	-8.0824	2.38964	1.6051	1.19737
-8.02488	2.42014	1.90736	0.56334	-7.92451	2.65022	-8.00157	2.44873	1.63202	1.16906
-7.94674	2.48042	1.91495	0.541462	-8.40453	2.71978	-7.91942	2.5064	1.65816	1.14057
-7.85648	2.5274	1.91669	0.515018	-7.71478	2.49604	-7.83598	2.56265	1.68352	1.11191
-7.77965	2.5932	1.92246	0.50439	-8.17853	2.86955	-7.75129	2.61746	1.7081	1.08314
-7.70017	2.63632	1.91844	0.480916	-7.77572	2.60445	-7.6654	2.67083	1.73191	1.05426
-7.60687	2.69337	1.93087	0.460371	-7.33361	2.74991	-7.57833	2.72276	1.75496	1.02533
-7.52791	2.74682	1.934	0.443451	-7.66441	2.86714	-7.49013	2.77324	1.77724	0.99636
-7.4458	2.79483	1.92587	0.434795	-7.16251	2.68313	-7.40084	2.82228	1.79877	0.967388
-7.359	2.83292	1.9242	0.411754	-7.36467	2.80673	-7.31048	2.86987	1.81955	0.938441
-7.26343	2.89813	1.94057	0.403169	-7.0449	3.06042	-7.21911	2.91601	1.8396	0.909549
-7.17181	2.91605	1.93028	0.371935	-7.10849	2.6943	-7.12676	2.96072	1.85891	0.880739
-7.07147	2.95231	1.94168	0.343305	-6.83694	2.93359	-7.03345	3.00399	1.87751	0.85204
-6.96593	2.99857	1.95603	0.325466	-6.74294	3.1302	-6.93924	3.04583	1.89541	0.823479
-6.87391	3.01645	1.94727	0.298325	-6.5802	2.77933	-6.84414	3.08625	1.9126	0.795082
-6.79785	3.03771	1.93482	0.274791	-7.07428	2.97818	-6.74821	3.12526	1.92912	0.766876
-6.70964	3.06598	1.9318	0.255521	-6.94461	3.16082	-6.65146	3.16286	1.94496	0.738888
-6.61623	3.10621	1.93974	0.241411	-6.63769	3.28221	-6.55394	3.19908	1.96014	0.711141
-6.51814	3.15322	1.94917	0.235173	-6.48123	3.3159	-6.45568	3.23391	1.97468	0.683661
-6.42361	3.18301	1.95246	0.21768	-6.43701	3.26264	-6.3567	3.26738	1.98858	0.656471
-6.33745	3.21072	1.93578	0.214002	-6.10593	3.04175	-6.25704	3.2995	2.00187	0.629595
-6.2449	3.25386	1.94507	0.206086	-6.31222	3.51279	-6.15673	3.33028	2.01456	0.603055
-6.13633	3.29903	1.96763	0.195738	-6.11796	3.5476	-6.0558	3.35975	2.02666	0.576875
-6.03834	3.31076	1.96521	0.172233	-6.00074	3.22307	-5.95428	3.38792	2.03819	0.551074
-5.92599	3.37646	1.98716	0.185737	-5.63825	3.56714	-5.8522	3.41482	2.04916	0.525674
-5.82134	3.3931	1.99049	0.166386	-5.7003	3.36174	-5.74957	3.44045	2.05959	0.500695
-5.70726	3.43864	2.01015	0.165335	-5.38259	3.48733	-5.64644	3.46485	2.0695	0.476157
-5.61236	3.46215	2.01057	0.151677	-5.69349	3.55133	-5.54283	3.48804	2.0789	0.452077
-5.50915	3.47251	2.01461	0.127939	-5.40934	3.42068	-5.43875	3.51003	2.0878	0.428476
-5.41386	3.46784	2.0048	0.100708	-5.4611	3.26251	-5.33424	3.53086	2.09623	0.405369
-5.30993	3.50124	2.01283	0.0986797	-5.44659	3.7392	-5.22932	3.55055	2.1042	0.382774
-5.20786	3.5241	2.01904	0.0883384	-5.19625	3.68064	-5.12401	3.56912	2.11172	0.360708
-5.10034	3.51849	2.02465	0.0570691	-4.75718	3.26952	-5.01833	3.58661	2.11882	0.339185
-4.9876	3.53892	2.03744	0.0475418	-4.81674	3.70474	-4.91231	3.60303	2.1255	0.318221
-4.87487	3.58826	2.05317	0.061285	-5.0767	4.02323	-4.80596	3.61842	2.13178	0.29783
-4.77308	3.60118	2.05515	0.0485602	-4.79409	3.68737	-4.6993	3.6328	2.13769	0.278026
-4.67674	3.62219	2.04695	0.0502138	-4.85264	3.75575	-4.59235	3.64622	2.14323	0.258821
-4.57135	3.641	2.05381	0.0425278	-4.53854	3.81652	-4.48513	3.65868	2.14841	0.240229
-4.4513	3.68261	2.06701	0.0597838	-4.05428	3.56127	-4.37766	3.67024	2.15327	0.222262
-4.34373	3.67554	2.0654	0.0394462	-4.25116	3.48935	-4.26996	3.68091	2.1578	0.20493
-4.24259	3.6976	2.06121	0.0446279	-4.32344	3.78984	-4.16203	3.69074	2.16202	0.188245
-4.14188	3.71838	2.06518	0.0402273	-4.19874	3.94712	-4.05389	3.69974	2.16595	0.172216
-4.04824	3.70561	2.05065	0.0207597	-3.80795	3.34074	-3.94556	3.70796	2.1696	0.156854
-3.95043	3.71669	2.05043	0.0123502	-4.0376	3.85061	-3.83706	3.71544	2.17298	0.142167
-3.82859	3.74891	2.07106	0.0208046	-3.78348	3.95848	-3.72839	3.72219	2.17611	0.128164
-3.72155	3.75129	2.07362	0.00952129	-3.66209	3.75124	-3.61956	3.72826	2.179	0.114853
-3.613	3.75961	2.07546	0.00674316	-3.41535	3.58738	-3.5106	3.73369	2.18165	0.102242
-3.50351	3.7666	2.08163	-0.000729565	-3.4096	3.85871	-3.4015	3.7385	2.18409	0.0903378
-3.40993	3.74229	2.06696	-0.0258749	-3.08117	3.22567	-3.29228	3.74274	2.18632	0.0791468
-3.29836	3.72252	2.06757	-0.0449962	-3.15085	3.45101	-3.18296	3.74643	2.18834	0.0686754
-3.19237	3.72823	2.07019	-0.0482799	-3.26794	3.86717	-3.07354	3.74962	2.19018	0.0589291
-3.07059	3.72025	2.08305	-0.0589044	-2.75063	3.67115	-2.96402	3.75234	2.19184	0.0499132
-2.95959	3.71901	2.08854	-0.0653122	-2.81825	3.59757	-2.85442	3.75463	2.19332	0.0416324
-2.84884	3.71101	2.09321	-0.0760873	-2.73282	3.69293	-2.74476	3.75652	2.19464	0.0340909
-2.71524	3.73891	2.12088	-0.0589096	-2.6457	3.97698	-2.63502	3.75805	2.1958	0.0272928
-2.61602	3.73464	2.11631	-0.0686785	-2.73395	3.76323	-2.52523	3.75927	2.19681	0.0212416
-2.50206	3.75314	2.11901	-0.0491673	-2.41969	3.70066	-2.41539	3.7602	2.19767	0.0159402
-2.38937	3.76076	2.12832	-0.0504427	-2.24793	3.98624	-2.3055	3.76088	2.19839	0.0113913
-2.25125	3.78712	2.1615	-0.036539	-2.29558	4.28993	-2.19558	3.76135	2.19898	0.00759715
-2.1563	3.77447	2.14823	-0.0494421	-2.4191	3.6034	-2.08563	3.76166	2.19943	0.00455969
-2.03475	3.79342	2.15848	-0.0291613	-1.92306	3.70736	-1.97566	3.76183	2.19975	0.00228035
-1.9303	3.78519	2.15411	-0.0377173	-2.0081	3.6884	-1.86567	3.76191	2.19994	0.000760224
-1.80454	3.78995	2.1693	-0.0320364	-1.57327	3.46459	-1.75568	3.76192	2.2	-3.32062e-15
