0	0	0.1	0.1	0	0	0	0	0	0
0.00490095	0.000491736	0.1	0.10005	-0.187842	0.00187696	0.109997	1.90056e-05	2.19975	0.000760158
0.0392825	0.029082	0.103997	0.100205	0.0440792	0.0345912	0.219984	9.50184e-05	2.19943	0.00228003
0.0545721	0.0306193	0.103997	0.100355	0.179633	0.0034489	0.329956	0.000266011	2.19899	0.00455878
0.389394	0.0538592	0.486601	0.100194	0.595848	0.0621092	0.439905	0.00056991	2.19841	0.00759519
0.508589	0.0658418	0.486601	0.100442	0.350169	0.00526051	0.549825	0.00104457	2.1977	0.0113877
0.742068	0.0953699	0.587074	0.103359	0.777058	0.110496	0.659709	0.00172777	2.19686	0.0159342
0.943202	0.116233	0.587074	0.103759	0.5168	0.0011134	0.769551	0.00265716	2.19587	0.0212325
1.05962	0.100428	0.501375	0.0802877	1.02333	0.0522076	0.879343	0.00387029	2.19474	0.0272796
1.281	0.118239	0.501375	0.0798157	0.776529	0.00305469	0.989077	0.00540456	2.19345	0.0340725
1.30545	0.0483079	0.371584	0.0165381	1.22397	-0.0369101	1.09875	0.00729718	2.19201	0.0416075
1.50672	0.051655	0.371584	0.0117247	1.38446	0.036954	1.20834	0.0095852	2.1904	0.0498806
1.2365	0.111623	0.107867	0.0784324	1.05494	0.180118	1.31786	0.0123054	2.18863	0.0588874
1.30521	0.11724	0.107867	0.0794178	1.69117	0.00668845	1.42728	0.0154945	2.18667	0.0686229
1.4926	0.105041	0.168569	0.0523619	1.52694	0.0679109	1.53661	0.0191888	2.18452	0.079082
1.61562	0.111418	0.168569	0.050492	1.6354	-0.0120409	1.64582	0.0234243	2.18218	0.0902589
1.81712	0.118016	0.206268	0.0429893	1.83216	0.113644	1.75492	0.0282368	2.17963	0.102147
1.98561	0.125278	0.206268	0.0401727	2.10275	0.0933742	1.86389	0.0336618	2.17686	0.11474
1.9252	0.106842	0.085879	0.0139498	1.88912	0.0920321	1.97271	0.0397345	2.17386	0.128031
2.00306	0.108141	0.085879	0.00764696	2.57273	-0.0327072	2.08138	0.0464894	2.17062	0.142012
1.96648	0.00760591	0.0282698	-0.179679	1.95409	-0.103701	2.18989	0.0539611	2.16713	0.156675
1.994	0.0034129	0.0282698	-0.210124	2.20102	0.0837559	2.29821	0.0621834	2.16337	0.172011
2.31803	0.0170873	0.158407	-0.0945106	2.36315	0.122505	2.40635	0.0711899	2.15934	0.188011
2.48147	0.00760095	0.158407	-0.109976	2.58316	-0.0217208	2.51428	0.0810134	2.15501	0.204665
2.59762	0.0702223	0.132889	0.0177841	2.59767	0.108827	2.62199	0.0916867	2.15038	0.221964
2.74743	0.0720721	0.132889	0.0206945	2.60453	0.0764059	2.72946	0.103242	2.14543	0.239895
3.10705	0.121683	0.224904	0.113893	3.11885	0.142768	2.83667	0.11571	2.14014	0.258449
3.38145	0.148147	0.224904	0.129561	2.9594	0.0550603	2.94362	0.129121	2.13451	0.277612
3.18596	0.372303	0.0442803	0.505264	3.16002	0.427252	3.05028	0.143508	2.12852	0.297373
3.24047	0.397551	0.0442803	0.578279	3.50026	0.109877	3.15663	0.158898	2.12214	0.317718
3.06917	0.359761	-0.0419019	0.746486	3.04031	0.39275	3.26265	0.17532	2.11537	0.338634
3.04022	0.308541	-0.0419019	0.838789	3.64169	0.210156	3.36833	0.192804	2.1082	0.360106
3.34095	0.333492	0.0312395	0.984461	3.54383	0.146863	3.47364	0.211376	2.10059	0.382119
3.36266	0.362636	0.0312395	1.11269	3.25813	0.137294	3.57856	0.231064	2.09255	0.404657
3.48342	0.330204	-0.000448575	0.982114	3.62775	0.2484	3.68307	0.251892	2.08405	0.427705
3.4906	0.324955	-0.000448575	1.08117	3.94293	0.260921	3.78715	0.273887	2.07507	0.451246
3.8618	0.387299	0.0631784	0.913175	4.06465	0.276327	3.89076	0.297072	2.06561	0.475262
3.88331	0.420569	0.0631784	0.986879	4.44852	0.442264	3.9939	0.321472	2.05564	0.499734
4.19198	0.40363	0.0900927	0.825585	4.29894	0.331331	4.09652	0.347107	2.04515	0.524645
4.23616	0.455121	0.0900927	0.877207	3.894	0.357358	4.1986	0.374	2.03413	0.549975
4.36952	0.623614	0.140731	0.971088	4.37458	0.622151	4.30012	0.402172	2.02255	0.575704
4.47242	0.72683	0.140731	1.03014	4.64557	0.502532	4.40105	0.431642	2.0104	0.60181
4.77048	0.768101	0.49024	3.9836	4.91714	0.726344	4.50136	0.462427	1.99767	0.628273
5.14765	0.88143	0.49024	4.3281	4.6681	0.542793	4.60102	0.494546	1.98435	0.655071
4.68011	0.696809	1.14616	-0.998885	4.72323	0.577439	4.7	0.528015	1.97041	0.682182
3.04522	2.70155	1.14616	-1.24527	4.26509	0.509599	4.79826	0.562849	1.95584	0.709581
4.89626	0.683589	1.64075	-3.4991	4.89896	0.658838	4.89578	0.599061	1.94063	0.737245
3.11963	1.51158	1.64075	-3.93156	5.55818	0.746773	4.99253	0.636665	1.92477	0.76515
5.2257	0.815411	1.63657	3.18459	5.23776	0.808488	5.08847	0.675672	1.90825	0.793271
5.27854	0.131199	1.63657	3.37065	4.74207	0.6176	5.18356	0.716091	1.89104	0.821582
4.82578	0.978954	1.43054	4.45868	4.82667	0.981012	5.27778	0.757933	1.87314	0.850057
5.75571	0.492943	1.43054	4.72041	4.89324	0.837769	5.37108	0.801204	1.85454	0.878669
5.49327	0.66998	1.19906	4.98128	5.4899	0.667553	5.46344	0.84591	1.83523	0.907391
5.04228	-0.846455	1.19906	5.25297	4.88822	0.776805	5.55481	0.892057	1.8152	0.936196
5.61499	0.990402	0.526164	7.31078	5.62853	0.993955	5.64516	0.939648	1.79443	0.965055
5.08416	2.38254	0.526164	7.71714	5.63192	1.07457	5.73445	0.988684	1.77292	0.99394
5.92204	1.00951	0.404898	6.08366	5.93323	0.999143	5.82265	1.03917	1.75066	1.02282
6.03478	2.36602	0.404898	6.3773	6.07615	1.1722	5.90972	1.0911	1.72765	1.05167
5.99181	1.04122	0.160959	1.54298	5.99863	1.02627	5.99562	1.14447	1.70388	1.08046
7.1017	1.08491	0.160959	1.54306	6.16537	1.0721	6.0803	1.19928	1.67934	1.10915
6.00031	1.17371	0.158326	-0.121529	5.98739	1.17548	6.16374	1.25552	1.65403	1.13772
6.47855	1.3911	0.158326	-0.219824	6.15346	1.15251	6.2459	1.31319	1.62794	1.16614
6.33627	1.62121	0.0428809	-0.630353	6.33423	1.61929	6.32673	1.37228	1.60107	1.19437
6.68462	2.08735	0.0428809	-0.749833	6.1984	1.34642	6.40619	1.43278	1.57343	1.22238
6.62018	1.55021	0.366769	-0.83182	6.62105	1.53589	6.48425	1.49468	1.54501	1.25015
6.6758	1.12674	0.366769	-0.952612	6.13308	1.44189	6.56087	1.55795	1.51581	1.27764
6.6837	1.80911	0.289913	0.690341	6.68254	1.81063	6.63601	1.6226	1.48582	1.30482
5.35919	2.52893	0.289913	0.661572	6.78976	1.76283	6.70962	1.6886	1.45507	1.33165
6.77484	1.90557	1.08266	5.78538	6.77922	1.91493	6.78168	1.75593	1.42354	1.35812
6.56555	3.18045	1.08266	6.02341	6.68497	1.72595	6.85214	1.82458	1.39125	1.38417
7.10933	1.85917	1.12099	-0.490263	7.12551	1.85286	6.92097	1.89452	1.35819	1.40979
6.66059	1.46757	1.12099	-0.589823	7.3472	2.06318	6.98811	1.96573	1.32438	1.43494
6.8451	1.66595	0.298636	11.6414	6.84745	1.64005	7.05355	2.03819	1.28982	1.45959
6.50653	0.980344	0.298636	12.1388	7.34749	2.07196	7.11724	2.11186	1.25452	1.48371
7.05979	2.34242	0.435885	11.8855	7.07022	2.35367	7.17914	2.18673	1.2185	1.50727
6.60662	1.80443	0.435885	12.362	7.47315	2.22642	7.23923	2.26277	1.18175	1.53024
7.08217	2.31032	0.558291	17.1044	7.09211	2.32211	7.29745	2.33994	1.14431	1.55258
4.70732	2.48095	0.558291	17.776	7.44762	2.37672	7.35378	2.41821	1.10617	1.57427
7.29974	2.37485	0.635757	18.9203	7.30311	2.37668	7.40819	2.49755	1.06735	1.59528
8.93823	2.67148	0.635757	19.6281	7.38272	2.47204	7.46063	2.57792	1.02787	1.61558
7.47972	2.74739	0.841527	19.0525	7.48354	2.74785	7.51108	2.65929	0.987752	1.63514
7.48908	2.21405	0.841527	19.7287	7.1628	2.50868	7.55951	2.74162	0.947001	1.65393
7.81269	2.76546	0.402418	16.5163	7.81619	2.77136	7.60588	2.82486	0.90564	1.67193
5.09186	4.88665	0.402418	17.067	7.44256	2.4049	7.65017	2.90899	0.86369	1.68911
7.76946	2.84791	0.258311	18.601	7.77377	2.84591	7.69234	2.99395	0.82117	1.70543
8.21708	4.39505	0.258311	19.1989	7.57045	3.34142	7.73236	3.07971	0.778103	1.72089
7.60471	3.1216	0.355002	16.5425	7.60305	3.12751	7.77022	3.16622	0.734511	1.73545
4.64509	4.8801	0.355002	17.0458	7.77315	3.06951	7.80588	3.25343	0.690417	1.74909
8.01505	3.66913	0.813066	14.4614	8.01045	3.66628	7.83932	3.3413	0.645845	1.76178
10.0507	6.25277	0.813066	14.8773	7.85696	3.20249	7.87052	3.42978	0.600821	1.77351
8.14898	3.69544	1.10616	6.3934	8.14428	3.69997	7.89946	3.51882	0.555371	1.78425
6.79073	6.02401	1.10616	6.54512	7.72668	3.55577	7.92611	3.60837	0.509522	1.79398
7.95134	3.70621	-24.3358	-55.6031	7.89209	3.7274	7.95045	3.69838	0.4633	1.80269
20.5758	10.8523	-24.3358	-57.5466	7.47599	3.70457	7.97248	3.7888	0.416735	1.81035
8.10714	4.29237	-15.7288	-1.21756e+11	8.10783	4.29237	7.99216	3.87957	0.369855	1.81694
14.9001	-6.14349	-15.7288	-1.2523e+11	7.95029	3.80582	8.00949	3.97064	0.32269	1.82246
7.90208	4.10464	-15.7133	3.75823e+10	7.90115	4.10404	8.02445	4.06196	0.27527	1.82689
7.90209	4.10464	-15.7133	3.86178e+10	8.16909	3.99891	8.03703	4.15348	0.227627	1.83021
7.8265	4.26283	-15.6853	3.96666e+10	7.82599	4.26393	8.04723	4.24512	0.179791	1.8324
7.8265	4.26283	-15.6853	4.07235e+10	7.89795	4.32308	8.05502	4.33685	0.131795	1.83347
8.00138	4.53644	-16.0721	4.17933e+10	7.93747	4.67614	8.06041	4.4286	0.0836704	1.83338
8.00138	4.53644	-16.0721	4.28716e+10	7.63038	4.2083	8.06339	4.52031	0.0354505	1.83215
8.12112	4.81251	-16.2156	4.39606e+10	8.12141	4.81396	8.06396	4.61194	-0.0128316	1.82976
8.12112	4.81251	-16.2156	4.50603e+10	7.58625	4.83324	8.06211	4.7034	-0.0611426	1.82619
8.12768	4.73765	-16.2162	4.61706e+10	8.12772	4.7373	8.05784	4.79466	-0.109448	1.82145
8.12768	4.73765	-16.2162	4.72916e+10	8.1202	5.0516	8.05115	4.88565	-0.157715	1.81553
8.09002	4.88002	-16.2605	4.84233e+10	8.09212	4.88335	8.04205	4.97631	-0.205909	1.80843
8.09002	4.88001	-16.2605	4.95657e+10	8.11442	5.08807	8.03055	5.06658	-0.253996	1.80015
8.13725	5.24439	-16.1196	5.07187e+10	8.13762	5.2453	8.01664	5.15641	-0.30194	1.79068
8.13725	5.24439	-16.1196	5.18825e+10	8.40098	5.45275	8.00034	5.24573	-0.349708	1.78002
7.92302	5.33286	-16.2644	5.30568e+10	7.9217	5.33417	7.98165	5.33448	-0.397266	1.76818
7.92302	5.33286	-16.2644	5.42419e+10	8.15774	5.45725	7.9606	5.42261	-0.444578	1.75515
7.79246	5.1764	-16.072	5.54377e+10	7.79013	5.17445	7.93718	5.51006	-0.49161	1.74095
7.79246	5.1764	-16.072	5.66441e+10	8.13427	5.99188	7.91142	5.59676	-0.538329	1.72557
7.94792	5.62146	-16.4192	5.78612e+10	7.95443	5.624	7.88333	5.68266	-0.584699	1.70903
7.94792	5.62146	-16.4192	5.9089e+10	8.01737	5.93311	7.85293	5.7677	-0.630688	1.69133
7.83901	5.79057	-16.4513	6.03274e+10	7.83557	5.79268	7.82025	5.85183	-0.676262	1.67248
7.83901	5.79057	-16.4513	6.15766e+10	8.33737	6.08416	7.7853	5.93498	-0.721388	1.65249
7.63165	5.77577	-16.3276	6.28364e+10	7.63041	5.77614	7.7481	6.0171	-0.766032	1.63137
7.63165	5.77577	-16.3276	6.41068e+10	7.94355	5.96318	7.70868	6.09813	-0.810162	1.60914
7.64073	6.39932	-16.247	6.5388e+10	7.64118	6.40214	7.66708	6.17802	-0.853746	1.5858
7.64073	6.39932	-16.247	6.66798e+10	7.82806	6.3268	7.62331	6.25672	-0.896753	1.56137
7.48855	6.49258	-16.003	6.79824e+10	7.48787	6.5011	7.5774	6.33416	-0.939152	1.53587
7.48855	6.49259	-16.003	6.92955e+10	7.28408	6.0383	7.52939	6.4103	-0.980911	1.50932
7.5997	6.52622	-15.9631	7.06194e+10	7.59997	6.52614	7.47932	6.48508	-1.022	1.48173
7.5997	6.52622	-15.9631	7.19539e+10	7.19426	6.26343	7.42721	6.55846	-1.06239	1.45311
7.50568	6.33953	-15.8949	7.32992e+10	7.50593	6.33894	7.37309	6.63037	-1.10206	1.42351
7.50568	6.33953	-15.8949	7.46551e+10	7.68986	6.86629	7.31702	6.70078	-1.14097	1.39292
7.1278	6.80143	-15.6622	7.60216e+10	7.12715	6.80235	7.25902	6.76963	-1.17911	1.36138
7.1278	6.80143	-15.6622	7.73989e+10	6.93035	6.62989	7.19914	6.83688	-1.21643	1.3289
7.29852	6.79961	-15.616	7.87868e+10	7.29908	6.80005	7.13741	6.90249	-1.25292	1.29552
7.29852	6.79961	-15.616	8.01854e+10	6.91858	7.03091	7.07388	6.9664	-1.28856	1.26125
6.93981	7.03363	-15.4348	8.15947e+10	6.93915	7.03482	7.0086	7.02857	-1.32331	1.22612
6.93981	7.03363	-15.4348	8.30146e+10	6.80602	6.90091	6.94161	7.08896	-1.35716	1.19016
6.71255	7.15261	-15.4827	8.44452e+10	6.71145	7.15449	6.87294	7.14753	-1.39008	1.1534
6.71255	7.15261	-15.4827	8.58865e+10	6.80605	7.66989	6.80266	7.20425	-1.42206	1.11586
6.73775	7.55705	-15.6193	8.73385e+10	6.73772	7.55778	6.73081	7.25907	-1.45308	1.07757
6.73775	7.55705	-15.6193	8.88012e+10	6.50204	7.13322	6.65743	7.31195	-1.4831	1.03856
6.56831	7.20828	-15.5174	9.02745e+10	6.56714	7.20778	6.58258	7.36287	-1.51213	0.998861
6.56831	7.20828	-15.5174	9.17585e+10	6.56694	7.1579	6.50631	7.41178	-1.54014	0.958505
6.27457	7.2848	-15.7013	9.32532e+10	6.27277	7.28329	6.42866	7.45866	-1.56711	0.917521
6.27457	7.2848	-15.7013	9.47586e+10	6.34822	7.59224	6.3497	7.50348	-1.59304	0.875941
6.1783	7.63435	-15.7833	9.62746e+10	6.1773	7.63517	6.26947	7.5462	-1.6179	0.833798
6.1783	7.63435	-15.7833	9.78013e+10	5.98994	7.58167	6.18802	7.5868	-1.6417	0.791123
6.33859	7.7505	-15.689	9.93387e+10	6.3389	7.75087	6.10542	7.62525	-1.6644	0.74795
6.33859	7.7505	-15.689	1.00887e+11	5.81974	7.32987	6.02171	7.66154	-1.68602	0.704311
6.12152	7.59692	-15.652	1.02446e+11	6.1212	7.59671	5.93695	7.69563	-1.70653	0.660241
6.12152	7.59692	-15.652	1.04015e+11	5.79739	7.64983	5.8512	7.72751	-1.72594	0.615772
5.70925	7.82537	-15.4028	1.05595e+11	5.70957	7.82916	5.76451	7.75716	-1.74423	0.57094
5.70925	7.82537	-15.4028	1.07186e+11	5.71887	7.71603	5.67693	7.78455	-1.7614	0.525778
5.53615	7.81863	-15.2932	1.08787e+11	5.53551	7.81874	5.58853	7.80969	-1.77745	0.480319
5.53615	7.81863	-15.2932	1.10399e+11	5.40913	7.78792	5.49935	7.83255	-1.79237	0.434599
5.59069	7.96984	-15.1466	1.12022e+11	5.59036	7.97123	5.40946	7.85311	-1.80617	0.388652
5.59069	7.96984	-15.1466	1.13656e+11	5.90541	8.42699	5.31891	7.87138	-1.81884	0.342512
5.43113	7.66602	-15.1842	1.153e+11	5.42974	7.65672	5.22776	7.88733	-1.83039	0.296213
5.43113	7.66602	-15.1842	1.16955e+11	5.05517	7.77156	5.13606	7.90097	-1.84082	0.249789
4.73509	8.07546	-15.115	1.1862e+11	4.73434	8.07521	5.04387	7.91229	-1.85014	0.203274
4.73509	8.07546	-15.115	1.20296e+11	4.8506	8.33049	4.95124	7.92128	-1.85834	0.156702
4.82158	7.62327	-14.8959	1.21983e+11	4.82203	7.62245	4.85824	7.92795	-1.86544	0.110105
4.82158	7.62327	-14.8959	1.23681e+11	4.83614	7.67324	4.76491	7.93228	-1.87144	0.0635176
4.54015	7.81656	-14.987	1.25389e+11	4.54005	7.81683	4.67131	7.93429	-1.87635	0.0169717
4.54015	7.81656	-14.987	1.27108e+11	4.71671	7.8563	4.57749	7.93398	-1.88019	-0.0295004
4.42794	8.14064	-15.0619	1.28837e+11	4.42504	8.14131	4.48351	7.93135	-1.88296	-0.0758668
4.42794	8.14063	-15.0619	1.30578e+11	4.2781	7.70647	4.38941	7.92641	-1.88467	-0.122096
4.39277	7.89209	-15.1365	1.32329e+11	4.39275	7.89193	4.29526	7.91916	-1.88535	-0.168158
4.39277	7.89209	-15.1365	1.3409e+11	4.47734	8.14213	4.20111	7.90962	-1.885	-0.214021
4.27938	7.91074	-15.0915	1.35862e+11	4.27922	7.9107	4.10699	7.89779	-1.88364	-0.259656
4.27938	7.91074	-15.0915	1.37645e+11	4.26425	8.31835	4.01297	7.88369	-1.88129	-0.305035
3.90821	7.61691	-14.994	1.39439e+11	3.90766	7.61681	3.9191	7.86733	-1.87796	-0.350129
3.90821	7.61692	-14.994	1.41243e+11	3.78702	7.92298	3.82541	7.84873	-1.87368	-0.39491
3.77124	7.82213	-15.0754	1.43058e+11	3.77115	7.82233	3.73197	7.8279	-1.86846	-0.439352
3.77124	7.82213	-15.0754	1.44884e+11	3.72508	7.66686	3.6388	7.80486	-1.86232	-0.483428
3.55949	7.62418	-15.0514	1.4672e+11	3.55934	7.6241	3.54597	7.77962	-1.85529	-0.527114
3.55949	7.62418	-15.0514	1.48567e+11	3.40475	7.42848	3.45352	7.75222	-1.84739	-0.570384
3.41406	7.57989	-15.0963	1.50425e+11	3.41392	7.57992	3.36147	7.72267	-1.83863	-0.613216
3.41406	7.57989	-15.0963	1.52293e+11	3.06512	7.65187	3.26989	7.69099	-1.82905	-0.655586
3.5233	7.8305	-14.8161	1.54172e+11	3.52579	7.83153	3.17881	7.6572	-1.81868	-0.697473
3.5233	7.8305	-14.8161	1.56062e+11	2.91956	8.01178	3.08826	7.62134	-1.80752	-0.738856
3.03933	7.81429	-14.6973	1.57962e+11	3.03914	7.81435	2.99829	7.58342	-1.79562	-0.779715
3.03933	7.81429	-14.6973	1.59874e+11	3.15057	7.96552	2.90894	7.54348	-1.78299	-0.820031
2.78863	7.61131	-14.7043	1.61795e+11	2.7882	7.61092	2.82023	7.50153	-1.76967	-0.859787
2.78863	7.61131	-14.7043	1.63728e+11	2.83549	7.63888	2.7322	7.45762	-1.75567	-0.898965
2.37062	7.62717	-14.4445	1.65671e+11	2.36962	7.63105	2.64489	7.41176	-1.74104	-0.937549
2.37062	7.62717	-14.4445	1.67625e+11	2.86918	7.45043	2.55832	7.364	-1.7258	-0.975525
2.47117	7.24432	-14.4814	1.69589e+11	2.47123	7.24409	2.47253	7.31435	-1.70997	-1.01288
2.47117	7.24432	-14.4814	1.71564e+11	2.00027	7.14308	2.38755	7.26285	-1.69359	-1.0496
2.5052	7.05778	-14.452	1.7355e+11	2.50519	7.05766	2.3034	7.20954	-1.67669	-1.08567
2.5052	7.05778	-14.452	1.75546e+11	2.388	7.25819	2.2201	7.15444	-1.65929	-1.12108
2.2282	7.0415	-14.4654	1.77554e+11	2.22812	7.04145	2.13768	7.09758	-1.64143	-1.15582
2.2282	7.0415	-14.4654	1.79571e+11	2.31314	7.13206	2.05616	7.03901	-1.62313	-1.18989
2.07317	7.00782	-14.5092	1.816e+11	2.07311	7.00762	1.97557	6.97876	-1.60443	-1.22327
2.07317	7.00782	-14.5092	1.83639e+11	2.2673	7.32014	1.89592	6.91685	-1.58536	-1.25596
1.80839	7.05116	-14.4948	1.85689e+11	1.80676	7.05104	1.81723	6.85333	-1.56594	-1.28795
1.80839	7.05116	-14.4948	1.87749e+11	1.74485	6.80981	1.73952	6.78823	-1.54621	-1.31924
1.74204	6.8439	-14.4259	1.89821e+11	1.74202	6.84378	1.6628	6.72159	-1.5262	-1.34982
1.74204	6.8439	-14.4259	1.91903e+11	1.50197	6.76155	1.58709	6.65343	-1.50594	-1.3797
1.38979	6.88045	-14.6587	1.93995e+11	1.38885	6.87971	1.51239	6.5838	-1.48545	-1.40885
1.38979	6.88045	-14.6587	1.96098e+11	1.3453	6.26616	1.43872	6.51273	-1.46478	-1.4373
1.3055	6.41795	-14.7678	1.98212e+11	1.30542	6.4178	1.36609	6.44026	-1.44394	-1.46503
1.3055	6.41795	-14.7678	2.00337e+11	1.30732	6.0575	1.29449	6.36641	-1.42297	-1.49204
1.18245	6.31381	-14.7877	2.02472e+11	1.12628	6.32627	1.22395	6.29124	-1.4019	-1.51835
1.18245	6.31381	-14.7877	2.04618e+11	1.2197	6.08564	1.15446	6.21477	-1.38075	-1.54394
1.06219	5.96702	-14.7531	2.06774e+11	1.06221	5.96662	1.08603	6.13704	-1.35956	-1.56882
1.06219	5.96702	-14.7531	2.08942e+11	1.02616	6.18111	1.01866	6.05808	-1.33835	-1.593
1.19334	5.88991	-14.7587	2.1112e+11	1.19378	5.88975	0.95234	5.97793	-1.31715	-1.61647
1.19334	5.88991	-14.7587	2.13308e+11	0.958677	5.75552	0.88708	5.89662	-1.29599	-1.63925
1.09046	5.57993	-14.7687	2.15508e+11	1.09042	5.57985	0.822875	5.81419	-1.2749	-1.66134
1.09046	5.57993	-14.7687	2.17718e+11	0.627174	6.06312	0.759719	5.73068	-1.25391	-1.68274
0.451965	5.66715	-14.7372	2.19938e+11	0.41744	5.65785	0.697609	5.64611	-1.23303	-1.70346
0.451965	5.66715	-14.7372	2.2217e+11	0.725957	5.93028	0.636536	5.56052	-1.21229	-1.72351
0.518157	5.43145	-14.818	2.24412e+11	0.518182	5.43132	0.576494	5.47395	-1.19173	-1.7429
0.518156	5.43145	-14.818	2.26665e+11	0.48828	5.19582	0.517474	5.38642	-1.17136	-1.76162
0.524993	5.29565	-14.8368	2.28928e+11	0.525017	5.29562	0.459464	5.29797	-1.15121	-1.7797
0.524993	5.29565	-14.8368	2.31202e+11	0.544613	5.02716	0.402453	5.20863	-1.13131	-1.79714
0.206289	5.69534	-14.7046	2.33487e+11	0.206347	5.69567	0.346429	5.11844	-1.11167	-1.81394
0.206289	5.69534	-14.7046	2.35782e+11	0.175273	5.41491	0.291378	5.02742	-1.09232	-1.83012
0.25744	4.85333	-15.0806	2.38088e+11	0.257645	4.85261	0.237284	4.9356	-1.07328	-1.84569
0.25744	4.85333	-15.0806	2.40405e+11	0.136022	4.62569	0.184133	4.84302	-1.05457	-1.86066
-0.110221	4.91415	-15.0948	2.42732e+11	-0.124036	4.91367	0.131906	4.74971	-1.03621	-1.87503
-0.11022	4.91415	-15.0948	2.4507e+11	0.281023	5.03182	0.0805863	4.65569	-1.01823	-1.88882
0.37108	4.35427	-15.2901	2.47419e+11	0.371616	4.35433	0.0301538	4.56099	-1.00063	-1.90204
0.37108	4.35427	-15.2901	2.49779e+11	-0.00231413	4.35218	-0.019411	4.46564	-0.983451	-1.91469
0.0618182	4.62946	-15.1957	2.52149e+11	0.0617143	4.62952	-0.0681292	4.36968	-0.966698	-1.92679
0.0618188	4.62946	-15.1957	2.5453e+11	-0.102961	4.00528	-0.116022	4.27312	-0.95039	-1.93834
-0.116955	4.22884	-14.7366	2.56921e+11	-0.117996	4.22719	-0.163114	4.17599	-0.934544	-1.94936
-0.116954	4.22884	-14.7366	2.59323e+11	-0.21189	3.52145	-0.209426	4.07833	-0.919178	-1.95986
-0.446909	3.8954	-14.7356	2.61736e+11	-0.4471	3.89521	-0.254984	3.98015	-0.904306	-1.96985
-0.446909	3.8954	-14.7356	2.6416e+11	-0.289014	3.68732	-0.299813	3.88148	-0.889943	-1.97933
-0.359704	3.98151	-14.7114	2.66594e+11	-0.359695	3.98153	-0.343938	3.78235	-0.876103	-1.98832
-0.359703	3.98151	-14.7114	2.69039e+11	-0.416228	3.80408	-0.387387	3.68277	-0.862801	-1.99683
-0.670709	3.47327	-14.8086	2.71494e+11	-0.671004	3.47321	-0.430185	3.58279	-0.850048	-2.00486
-0.67071	3.47327	-14.8086	2.73961e+11	-0.398678	3.39239	-0.472361	3.4824	-0.837857	-2.01243
-0.431071	3.43896	-14.789	2.76437e+11	-0.430865	3.43883	-0.513943	3.38165	-0.82624	-2.01954
-0.43107	3.43896	-14.789	2.78925e+11	-0.531605	2.98102	-0.554961	3.28056	-0.815208	-2.0262
-0.748549	3.1573	-14.8918	2.81423e+11	-0.748714	3.15729	-0.595443	3.17914	-0.80477	-2.03242
-0.748548	3.1573	-14.8918	2.83932e+11	-0.539878	3.52583	-0.635419	3.07741	-0.794938	-2.03821
-0.981341	3.22433	-14.8944	2.86452e+11	-0.981472	3.22437	-0.674921	2.97541	-0.785719	-2.04358
-0.981341	3.22433	-14.8944	2.88982e+11	-0.768425	3.14103	-0.713978	2.87314	-0.777122	-2.04852
-0.958976	2.90838	-14.9414	2.91523e+11	-0.958892	2.90829	-0.752622	2.77063	-0.769155	-2.05306
-0.958975	2.90838	-14.9414	2.94075e+11	-0.908063	2.78551	-0.790886	2.66791	-0.761825	-2.05719
-0.816115	2.8241	-14.9085	2.96637e+11	-0.816092	2.82409	-0.8288	2.56498	-0.755139	-2.06092
-0.816114	2.8241	-14.9085	2.9921e+11	-0.833563	2.32662	-0.866397	2.46188	-0.749103	-2.06425
-0.811982	2.28362	-14.949	3.01794e+11	-0.811086	2.28189	-0.903709	2.35862	-0.743722	-2.0672
-0.811982	2.28362	-14.949	3.04388e+11	-1.12536	2.56314	-0.940771	2.25521	-0.739	-2.06976
-0.888678	2.33116	-14.9489	3.06993e+11	-0.888697	2.33117	-0.977613	2.15168	-0.734943	-2.07194
-0.888679	2.33116	-14.9489	3.09609e+11	-1.27647	2.5452	-1.01427	2.04806	-0.731553	-2.07374
-0.693429	1.85289	-14.197	3.12235e+11	-0.688824	1.85077	-1.05078	1.94434	-0.728833	-2.07516
-0.693429	1.85289	-14.197	3.14872e+11	-0.72914	1.23622	-1.08716	1.84057	-0.726786	-2.07622
-1.08745	1.77351	-14.206	3.1752e+11	-1.08749	1.7735	-1.12347	1.73674	-0.725414	-2.0769
-1.08745	1.77351	-14.206	3.20178e+11	-0.983244	1.45419	-1.15972	1.63289	-0.724717	-2.07721
-1.26662	1.69908	-14.2571	3.22847e+11	-1.26666	1.69906	-1.19596	1.52903	-0.724696	-2.07715
-1.26661	1.69907	-14.2571	3.25527e+11	-1.41435	1.60085	-1.23221	1.42518	-0.725351	-2.07672
-1.0729	1.35308	-14.3182	3.28218e+11	-1.07258	1.35311	-1.26851	1.32136	-0.726682	-2.07592
-1.0729	1.35308	-14.3182	3.30919e+11	-1.03092	0.976285	-1.3049	1.21758	-0.728687	-2.07475
-1.3322	1.2018	-14.2722	3.33631e+11	-1.33237	1.20193	-1.34141	1.11387	-0.731364	-2.0732
-1.3322	1.2018	-14.2722	3.36353e+11	-0.945065	0.721978	-1.37806	1.01024	-0.734711	-2.07128
-1.4581	1.07272	-14.2979	3.39086e+11	-1.45811	1.0727	-1.41491	0.906714	-0.738725	-2.06899
-1.4581	1.07272	-14.2979	3.4183e+11	-1.7195	1.00063	-1.45197	0.80331	-0.743403	-2.06631
-1.37536	0.94037	-14.3347	3.44584e+11	-1.37534	0.940348	-1.48928	0.700046	-0.748739	-2.06325
-1.37536	0.940369	-14.3347	3.4735e+11	-1.6524	0.691092	-1.52688	0.596941	-0.75473	-2.0598
-1.27633	0.662938	-14.385	3.50125e+11	-1.27631	0.662901	-1.56479	0.494016	-0.76137	-2.05596
-1.27634	0.662937	-14.385	3.52912e+11	-1.34316	0.310338	-1.60306	0.391291	-0.768652	-2.05171
-1.63708	0.411603	-14.3845	3.55709e+11	-1.63734	0.411424	-1.6417	0.288785	-0.776571	-2.04707
-1.63708	0.411603	-14.3845	3.58517e+11	-1.78616	0.228415	-1.68076	0.186519	-0.785118	-2.04202
-2.07213	0.0178014	-14.3978	3.61336e+11	-2.07319	0.0165562	-1.72026	0.0845128	-0.794287	-2.03654
-2.07213	0.0178014	-14.3978	3.64165e+11	-1.69046	-0.0139291	-1.76023	-0.0172116	-0.804068	-2.03065
-1.94962	-0.21884	-14.4666	3.67005e+11	-1.94962	-0.218913	-1.80072	-0.118633	-0.814452	-2.02432
-1.94962	-0.21884	-14.4666	3.69855e+11	-1.85877	-0.299957	-1.84173	-0.21973	-0.82543	-2.01756
-1.71473	-0.435748	-14.4087	3.72717e+11	-1.71471	-0.435794	-1.88332	-0.32048	-0.836991	-2.01035
-1.71473	-0.435749	-14.4087	3.75589e+11	-2.47111	-0.49172	-1.92549	-0.420861	-0.849124	-2.00269
-2.0672	-0.479584	-14.3103	3.78471e+11	-2.06728	-0.479584	-1.96829	-0.520849	-0.861818	-1.99456
-2.0672	-0.479583	-14.3103	3.81364e+11	-2.26538	-0.67957	-2.01174	-0.620422	-0.875061	-1.98596
-1.98808	-0.903049	-14.3183	3.84268e+11	-1.98808	-0.903087	-2.05587	-0.719554	-0.888838	-1.97688
-1.98808	-0.90305	-14.3183	3.87183e+11	-1.82863	-0.641233	-2.10069	-0.818223	-0.903138	-1.96731
-1.93203	-0.715345	-14.3408	3.90108e+11	-1.93197	-0.715308	-2.14625	-0.916403	-0.917945	-1.95723
-1.93203	-0.715344	-14.3408	3.93044e+11	-2.10794	-1.00635	-2.19256	-1.01407	-0.933245	-1.94665
-2.2798	-1.20803	-14.352	3.95991e+11	-2.27984	-1.20809	-2.23966	-1.11119	-0.949022	-1.93555
-2.2798	-1.20803	-14.352	3.98948e+11	-2.55635	-1.3169	-2.28755	-1.20775	-0.965261	-1.92392
-2.24109	-1.18117	-14.3532	4.01916e+11	-2.24108	-1.18117	-2.33627	-1.30372	-0.981944	-1.91175
-2.24109	-1.18117	-14.3532	4.04895e+11	-2.09509	-1.16501	-2.38583	-1.39907	-0.999053	-1.89903
-2.47714	-1.45109	-14.4013	4.07884e+11	-2.47716	-1.45112	-2.43626	-1.49376	-1.01657	-1.88575
-2.47714	-1.45109	-14.4013	4.10884e+11	-2.36241	-1.47818	-2.48758	-1.58778	-1.03448	-1.8719
-2.45719	-1.79236	-14.423	4.13895e+11	-2.45719	-1.79239	-2.53981	-1.6811	-1.05276	-1.85747
-2.45719	-1.79236	-14.423	4.16917e+11	-2.53029	-1.78664	-2.59296	-1.77368	-1.07139	-1.84245
-2.4379	-1.96525	-14.4414	4.19949e+11	-2.4379	-1.96526	-2.64706	-1.86549	-1.09035	-1.82683
-2.43791	-1.96525	-14.4414	4.22991e+11	-2.57333	-1.89161	-2.70211	-1.95651	-1.10962	-1.81061
-2.68721	-1.8862	-14.3977	4.26045e+11	-2.68723	-1.88619	-2.75813	-2.04671	-1.12918	-1.79376
-2.68721	-1.8862	-14.3977	4.29109e+11	-2.44049	-1.87566	-2.81514	-2.13604	-1.149	-1.77629
-2.93623	-2.20404	-14.3787	4.32184e+11	-2.93948	-2.2147	-2.87315	-2.22449	-1.16907	-1.75818
-2.93623	-2.20404	-14.3787	4.35269e+11	-3.18165	-2.3326	-2.93217	-2.31202	-1.18935	-1.73942
-2.99405	-2.42387	-14.3278	4.38365e+11	-2.99406	-2.42389	-2.99221	-2.3986	-1.20983	-1.72001
-2.99405	-2.42387	-14.3278	4.41472e+11	-3.14098	-2.56194	-3.05329	-2.48418	-1.23048	-1.69994
-3.15966	-2.4928	-14.335	4.4459e+11	-3.1597	-2.49283	-3.1154	-2.56875	-1.25127	-1.67921
-3.15966	-2.4928	-14.335	4.47718e+11	-3.10272	-2.58389	-3.17855	-2.65227	-1.27218	-1.6578
-3.28167	-2.69703	-14.3864	4.50857e+11	-3.2817	-2.69705	-3.24276	-2.7347	-1.29319	-1.63571
-3.28167	-2.69703	-14.3864	4.54006e+11	-3.29065	-2.81472	-3.30802	-2.816	-1.31426	-1.61293
-3.3732	-2.93587	-14.4489	4.57166e+11	-3.37321	-2.9359	-3.37433	-2.89615	-1.33537	-1.58946
-3.3732	-2.93587	-14.4489	4.60337e+11	-3.55772	-3.09869	-3.44171	-2.97511	-1.3565	-1.56529
-3.45276	-3.07219	-14.4272	4.63519e+11	-3.45276	-3.0722	-3.51014	-3.05284	-1.3776	-1.54042
-3.45276	-3.07219	-14.4272	4.66711e+11	-3.67528	-3.22571	-3.57963	-3.12931	-1.39866	-1.51485
-3.61873	-3.10246	-14.4196	4.69914e+11	-3.61878	-3.10246	-3.65017	-3.20449	-1.41965	-1.48857
-3.61873	-3.10246	-14.4196	4.73127e+11	-4.05946	-3.47384	-3.72176	-3.27833	-1.44054	-1.46159
-3.70886	-3.3869	-14.3693	4.76352e+11	-3.70886	-3.38691	-3.7944	-3.3508	-1.4613	-1.43389
-3.70886	-3.3869	-14.3693	4.79587e+11	-3.64539	-3.16897	-3.86807	-3.42187	-1.4819	-1.40548
-4.16784	-3.59324	-14.2997	4.82832e+11	-4.16786	-3.59328	-3.94277	-3.4915	-1.50231	-1.37637
-4.16784	-3.59324	-14.2997	4.86089e+11	-4.27856	-3.69092	-4.01848	-3.55966	-1.52249	-1.34654
-3.98311	-3.73147	-14.2887	4.89355e+11	-3.9831	-3.73148	-4.0952	-3.62631	-1.54243	-1.31602
-3.98311	-3.73147	-14.2887	4.92633e+11	-4.49133	-3.97079	-4.17291	-3.69141	-1.56209	-1.28479
-4.26577	-3.90042	-14.4007	4.95921e+11	-4.26577	-3.90059	-4.2516	-3.75493	-1.58144	-1.25286
-4.26577	-3.90042	-14.4007	4.9922e+11	-4.46423	-4.01147	-4.33125	-3.81683	-1.60044	-1.22023
-4.50237	-3.71707	-14.4317	5.0253e+11	-4.50391	-3.71743	-4.41184	-3.87709	-1.61908	-1.18692
-4.50237	-3.71707	-14.4317	5.0585e+11	-4.53923	-3.68263	-4.49336	-3.93566	-1.63732	-1.15293
-4.76478	-4.09408	-14.154	5.09181e+11	-4.76489	-4.09443	-4.57578	-3.99251	-1.65512	-1.11827
-4.76478	-4.09408	-14.154	5.12523e+11	-4.55747	-4.13289	-4.65907	-4.04761	-1.67247	-1.08294
-4.56793	-4.13041	-14.1322	5.15875e+11	-4.56792	-4.13042	-4.74323	-4.10093	-1.68932	-1.04695
-4.56793	-4.13041	-14.1322	5.19239e+11	-4.48381	-3.87712	-4.82821	-4.15242	-1.70566	-1.01032
-4.81182	-4.19132	-14.1021	5.22612e+11	-4.81184	-4.19134	-4.914	-4.20207	-1.72144	-0.973064
-4.81182	-4.19132	-14.1021	5.25997e+11	-5.10435	-4.22409	-5.00057	-4.24984	-1.73665	-0.935185
-5.30101	-4.31344	-14.1042	5.29392e+11	-5.30104	-4.31345	-5.08788	-4.29569	-1.75125	-0.8967
-5.30101	-4.31344	-14.1042	5.32797e+11	-5.11264	-4.38485	-5.1759	-4.33961	-1.76521	-0.857624
-5.19145	-4.34206	-14.1169	5.36214e+11	-5.19142	-4.34203	-5.26461	-4.38155	-1.77851	-0.817973
-5.19145	-4.34206	-14.1169	5.39641e+11	-4.88023	-4.13384	-5.35397	-4.42149	-1.79112	-0.777764
-5.63215	-4.48988	-14.0027	5.43079e+11	-5.63219	-4.48997	-5.44394	-4.45941	-1.80301	-0.737014
-5.63215	-4.48988	-14.0027	5.46527e+11	-5.82112	-4.58229	-5.53448	-4.49528	-1.81416	-0.695741
-5.63009	-4.64915	-14.0162	5.49986e+11	-5.63011	-4.64917	-5.62557	-4.52906	-1.82454	-0.653966
-5.63009	-4.64915	-14.0162	5.53456e+11	-5.64886	-4.67104	-5.71715	-4.56074	-1.83412	-0.611709
-5.52979	-5.05428	-14.007	5.56937e+11	-5.52978	-5.05444	-5.80919	-4.59029	-1.84288	-0.568992
-5.52979	-5.05428	-14.007	5.60428e+11	-5.8881	-4.68286	-5.90165	-4.6177	-1.8508	-0.525837
-5.88339	-4.67721	-13.9445	5.6393e+11	-5.8835	-4.67727	-5.99448	-4.64293	-1.85784	-0.482266
-5.88339	-4.67721	-13.9445	5.67442e+11	-5.86652	-4.82742	-6.08765	-4.66597	-1.86401	-0.438305
-6.35457	-4.75523	-13.9206	5.70965e+11	-6.35459	-4.75523	-6.18109	-4.6868	-1.86926	-0.393978
-6.35457	-4.75523	-13.9206	5.74499e+11	-6.22146	-4.66696	-6.27478	-4.70541	-1.87357	-0.349311
-6.52012	-4.63308	-13.9463	5.78044e+11	-6.52012	-4.63307	-6.36865	-4.72177	-1.87694	-0.30433
-6.52012	-4.63308	-13.9463	5.81599e+11	-6.67083	-4.56493	-6.46267	-4.73587	-1.87934	-0.259063
-6.45249	-4.79762	-13.9387	5.85165e+11	-6.45249	-4.79762	-6.55678	-4.74769	-1.88075	-0.213538
-6.45249	-4.79762	-13.9387	5.88741e+11	-7.13033	-4.95731	-6.65094	-4.75724	-1.88116	-0.167783
-6.78385	-4.81735	-13.8694	5.92329e+11	-6.78388	-4.81733	-6.74509	-4.76448	-1.88054	-0.121828
-6.78385	-4.81735	-13.8694	5.95927e+11	-6.64907	-4.79183	-6.83918	-4.76943	-1.8789	-0.0757031
-6.95102	-4.95341	-13.8891	5.99535e+11	-6.95114	-4.95339	-6.93317	-4.77206	-1.8762	-0.0294378
-6.95102	-4.95341	-13.8891	6.03154e+11	-6.36364	-4.65655	-7.02698	-4.77237	-1.87244	0.0169363
-7.18237	-4.74247	-13.8945	6.06784e+11	-7.18239	-4.74248	-7.12059	-4.77036	-1.86761	0.0633876
-7.18237	-4.74247	-13.8945	6.10425e+11	-7.0817	-4.67151	-7.21392	-4.76602	-1.86169	0.109884
-7.35037	-4.95048	-13.9259	6.14076e+11	-7.35039	-4.95047	-7.30692	-4.75936	-1.85469	0.156394
-7.35037	-4.95048	-13.9259	6.17738e+11	-7.45972	-4.78642	-7.39955	-4.75036	-1.84658	0.202884
-7.60868	-4.75924	-13.7436	6.21411e+11	-7.60879	-4.75909	-7.49174	-4.73905	-1.83737	0.24932
-7.60868	-4.75924	-13.7436	6.25094e+11	-7.35269	-4.55533	-7.58344	-4.72541	-1.82704	0.295671
-7.60883	-4.68347	-13.7555	6.28788e+11	-7.60883	-4.68346	-7.67459	-4.70945	-1.8156	0.341902
-7.60883	-4.68347	-13.7555	6.32493e+11	-8.03766	-4.60657	-7.76514	-4.69119	-1.80304	0.387978
-8.1533	-4.53449	-13.6823	6.36208e+11	-8.15331	-4.53444	-7.85503	-4.67062	-1.78935	0.433868
-8.1533	-4.53449	-13.6823	6.39934e+11	-7.98076	-4.55595	-7.9442	-4.64776	-1.77455	0.479535
-7.86241	-4.55228	-13.7689	6.43671e+11	-7.86237	-4.55226	-8.03261	-4.62263	-1.75862	0.524947
-7.86242	-4.55228	-13.7689	6.47418e+11	-8.06233	-4.83146	-8.12018	-4.59523	-1.74157	0.570069
-8.15356	-4.71871	-13.7815	6.51177e+11	-8.15357	-4.71872	-8.20688	-4.56558	-1.7234	0.614868
-8.15356	-4.71871	-13.7815	6.54945e+11	-8.4223	-4.44687	-8.29263	-4.5337	-1.70412	0.659308
-8.46371	-4.55667	-13.8186	6.58725e+11	-8.46374	-4.5567	-8.37739	-4.49961	-1.68373	0.703357
-8.46372	-4.55667	-13.8186	6.62515e+11	-8.53686	-4.60624	-8.4611	-4.46333	-1.66225	0.74698
-8.36612	-4.39404	-13.9014	6.66316e+11	-8.36608	-4.394	-8.5437	-4.42487	-1.63967	0.790145
-8.36612	-4.39404	-13.9014	6.70127e+11	-8.75614	-4.56435	-8.62514	-4.38427	-1.616	0.832817
-8.80973	-4.57334	-13.958	6.73949e+11	-8.80974	-4.57333	-8.70537	-4.34155	-1.59126	0.874966
-8.80973	-4.57334	-13.958	6.77782e+11	-8.87183	-4.00829	-8.78434	-4.29673	-1.56547	0.916557
-8.95519	-4.05501	-13.9252	6.81625e+11	-8.94948	-4.02043	-8.86198	-4.24986	-1.53862	0.957558
-8.95519	-4.05501	-13.9252	6.85479e+11	-9.0638	-4.37017	-8.93826	-4.20094	-1.51074	0.997939
-8.66222	-4.06226	-14.0039	6.89344e+11	-8.66218	-4.06225	-9.01311	-4.15003	-1.48183	1.03767
-8.66222	-4.06226	-14.0039	6.9322e+11	-9.09611	-3.92669	-9.08648	-4.09714	-1.45193	1.07671
-9.13297	-4.13726	-13.5042	6.97106e+11	-9.13367	-4.13798	-9.15834	-4.04232	-1.42103	1.11505
-9.13297	-4.13726	-13.5042	7.01003e+11	-9.29668	-4.18106	-9.22862	-3.98561	-1.38917	1.15264
-9.44364	-4.03455	-13.4793	7.0491e+11	-9.44373	-4.0344	-9.29728	-3.92704	-1.35636	1.18946
-9.44364	-4.03455	-13.4793	7.08829e+11	-9.22899	-3.55282	-9.36428	-3.86664	-1.32262	1.22548
-9.23542	-3.7414	-13.4944	7.12757e+11	-9.23536	-3.74136	-9.42956	-3.80447	-1.28797	1.26068
-9.23542	-3.7414	-13.4944	7.16697e+11	-9.6275	-3.70875	-9.49309	-3.74056	-1.25244	1.29502
-9.68236	-3.50769	-13.4902	7.20647e+11	-9.68237	-3.50769	-9.55482	-3.67496	-1.21605	1.32848
-9.68236	-3.50769	-13.4902	7.24608e+11	-10.0569	-3.56431	-9.6147	-3.60771	-1.17882	1.36104
-9.63282	-3.48366	-13.4977	7.2858e+11	-9.63281	-3.48366	-9.6727	-3.53886	-1.14077	1.39267
-9.63281	-3.48366	-13.4977	7.32562e+11	-9.97132	-3.42784	-9.72877	-3.46845	-1.10195	1.42336
-9.61734	-3.38986	-13.4894	7.36555e+11	-9.61737	-3.38982	-9.78288	-3.39653	-1.06236	1.45306
-9.61734	-3.38986	-13.4894	7.40559e+11	-9.80491	-3.40431	-9.835	-3.32316	-1.02204	1.48178
-10.0231	-3.38444	-13.518	7.44573e+11	-10.0231	-3.38443	-9.88507	-3.24837	-0.981014	1.50948
-10.0231	-3.38444	-13.518	7.48598e+11	-9.96671	-3.26209	-9.93308	-3.17224	-0.939316	1.53614
-10.1134	-3.0597	-13.5458	7.52633e+11	-10.1134	-3.05968	-9.97898	-3.09479	-0.896973	1.56175
-10.1134	-3.05969	-13.5458	7.5668e+11	-10.0358	-3.23052	-10.0227	-3.0161	-0.854015	1.5863
-10.1245	-2.89498	-13.5825	7.60737e+11	-10.1244	-2.89496	-10.0644	-2.93621	-0.810473	1.60975
-10.1245	-2.89498	-13.5825	7.64804e+11	-10.2105	-2.55438	-10.1038	-2.85518	-0.766379	1.63211
-9.97372	-2.79073	-13.55	7.68883e+11	-9.97373	-2.7907	-10.141	-2.77306	-0.721764	1.65335
-9.97372	-2.79073	-13.55	7.72972e+11	-10.0228	-2.56286	-10.1759	-2.6899	-0.676662	1.67347
-10.1739	-2.42735	-13.5013	7.77072e+11	-10.1739	-2.42733	-10.2086	-2.60578	-0.631104	1.69244
-10.1739	-2.42735	-13.5013	7.81182e+11	-10.4968	-2.39575	-10.239	-2.52074	-0.585124	1.71027
-10.4292	-2.57825	-13.5159	7.85303e+11	-10.4292	-2.57826	-10.2671	-2.43483	-0.538755	1.72694
-10.4292	-2.57825	-13.5159	7.89435e+11	-10.1557	-2.45774	-10.2929	-2.34813	-0.492032	1.74244
-10.0818	-2.11568	-13.5668	7.93577e+11	-10.0818	-2.11565	-10.3163	-2.26069	-0.444988	1.75677
-10.0818	-2.11568	-13.5668	7.9773e+11	-9.94058	-2.19923	-10.3373	-2.17256	-0.397658	1.76992
-10.5775	-2.0179	-13.571	8.01894e+11	-10.5777	-2.01787	-10.356	-2.0838	-0.350076	1.78189
-10.5775	-2.0179	-13.571	8.06068e+11	-10.0372	-2.02097	-10.3723	-1.99449	-0.302277	1.79267
-10.365	-1.87981	-13.5679	8.10254e+11	-10.3647	-1.87967	-10.3862	-1.90466	-0.254295	1.80227
-10.365	-1.87981	-13.5679	8.14449e+11	-10.7869	-1.96722	-10.3977	-1.81439	-0.206164	1.81067
-10.4905	-1.73802	-13.5366	8.18656e+11	-10.4904	-1.738	-10.4068	-1.72372	-0.15792	1.81789
-10.4905	-1.73802	-13.5366	8.22873e+11	-10.3047	-1.81293	-10.4135	-1.63274	-0.109597	1.82393
-10.4558	-1.82297	-13.5446	8.27101e+11	-10.4558	-1.82298	-10.4178	-1.54148	-0.0612291	1.82878
-10.4558	-1.82297	-13.5446	8.31339e+11	-9.68671	-1.65032	-10.4196	-1.45001	-0.0128505	1.83245
-10.6697	-1.28576	-13.5996	8.35589e+11	-10.6697	-1.28567	-10.4191	-1.35839	0.0355047	1.83495
-10.6697	-1.28576	-13.5996	8.39848e+11	-11.3445	-1.31846	-10.4161	-1.26667	0.0838028	1.83628
-10.739	-1.03807	-13.6071	8.44119e+11	-10.739	-1.03807	-10.4107	-1.17493	0.13201	1.83646
-10.739	-1.03807	-13.6071	8.484e+11	-10.3848	-1.09097	-10.4029	-1.0832	0.180095	1.83549
-10.468	-0.899549	-13.5906	8.52692e+11	-10.4679	-0.89955	-10.3927	-0.991552	0.228023	1.83339
-10.468	-0.899549	-13.5906	8.56995e+11	-10.5096	-0.726488	-10.3801	-0.90004	0.275762	1.83015
-10.4965	-0.79152	-13.5879	8.61308e+11	-10.4965	-0.791516	-10.3652	-0.808719	0.323282	1.82581
-10.4965	-0.791521	-13.5879	8.65632e+11	-10.9041	-0.942685	-10.3478	-0.717646	0.37055	1.82036
-10.47	-0.623994	-13.5717	8.69966e+11	-10.4699	-0.623986	-10.3281	-0.626873	0.417537	1.81383
-10.47	-0.623995	-13.5717	8.74312e+11	-10.1649	-0.0655098	-10.3061	-0.536455	0.464212	1.80623
-10.5316	-0.00844235	-13.5172	8.78667e+11	-10.5316	-0.00842561	-10.2818	-0.446445	0.510546	1.79759
-10.5316	-0.00844321	-13.5172	8.83034e+11	-10.7277	-0.328785	-10.2551	-0.356895	0.55651	1.78791
-10.1279	-0.123598	-13.475	8.87411e+11	-10.1279	-0.123607	-10.2262	-0.267855	0.602077	1.77721
-10.1279	-0.123598	-13.475	8.91799e+11	-10.4514	-0.395717	-10.195	-0.179375	0.647219	1.76553
-10.1675	-0.129335	-13.4842	8.96198e+11	-10.1675	-0.129337	-10.1616	-0.0915057	0.69191	1.75287
-10.1675	-0.129335	-13.4842	9.00607e+11	-10.4918	-0.00271315	-10.1259	-0.00429349	0.736124	1.73926
-9.99812	-0.0071585	-13.46	9.05027e+11	-9.99811	-0.00715851	-10.088	0.0822145	0.779837	1.72473
-9.99812	-0.00715855	-13.46	9.09458e+11	-10.5049	0.571776	-10.048	0.167973	0.823026	1.70929
-10.0588	0.00344588	-13.4663	9.13899e+11	-10.0588	0.00344686	-10.0058	0.252936	0.865667	1.69297
-10.0588	0.00344588	-13.4663	9.18351e+11	-10.5144	0.580083	-9.96156	0.337063	0.907738	1.6758
-9.58544	0.703755	-13.5556	9.22814e+11	-9.58544	0.703769	-9.91519	0.42031	0.949219	1.65781
-9.58544	0.703755	-13.5556	9.27287e+11	-9.7858	0.618666	-9.86676	0.502638	0.990089	1.63901
-9.99728	0.42116	-13.8478	9.31771e+11	-9.99733	0.420883	-9.81631	0.584006	1.03033	1.61944
-9.99728	0.42116	-13.8478	9.36266e+11	-9.32217	0.701467	-9.76387	0.664378	1.06992	1.59913
-9.61164	0.582749	-13.8691	9.40772e+11	-9.61155	0.582873	-9.70946	0.743716	1.10886	1.5781
-9.61164	0.582749	-13.8691	9.45288e+11	-9.66667	1.27537	-9.65313	0.821986	1.14711	1.55638
-9.23028	0.876837	-13.7415	9.49814e+11	-9.23026	0.876877	-9.5949	0.899155	1.18466	1.53401
-9.23028	0.876838	-13.7415	9.54352e+11	-9.69484	0.900168	-9.53482	0.97519	1.22152	1.51101
-9.52648	0.895045	-12.1434	9.589e+11	-9.53668	0.918267	-9.47292	1.05006	1.25765	1.48741
-9.52648	0.895045	-12.1434	9.63458e+11	-9.17009	1.10168	-9.40923	1.12374	1.29304	1.46324
-9.51721	0.828223	-12.1151	9.68028e+11	-9.51722	0.828208	-9.34379	1.1962	1.3277	1.43854
-9.51721	0.828223	-12.1151	9.72608e+11	-9.51707	1.25832	-9.27664	1.26741	1.36161	1.41334
-9.34015	1.34466	-12.0891	9.77199e+11	-9.34014	1.34467	-9.20782	1.33735	1.39476	1.38766
-9.34015	1.34466	-12.0891	9.818e+11	-9.38251	1.37702	-9.13736	1.406	1.42714	1.36155
-8.99543	1.4869	-12.0464	9.86412e+11	-8.99542	1.4869	-9.0653	1.47333	1.45875	1.33502
-8.99543	1.4869	-12.0464	9.91035e+11	-8.75522	1.53793	-8.99168	1.53932	1.48958	1.30812
-9.09015	1.44756	-12.056	9.95669e+11	-9.09015	1.44756	-8.91655	1.60397	1.51964	1.28087
-9.09015	1.44756	-12.056	1.00031e+12	-8.54924	1.62398	-8.83993	1.66725	1.54891	1.25331
-8.9115	1.79137	-12.1791	1.00497e+12	-8.91147	1.7914	-8.76187	1.72914	1.5774	1.22547
-8.9115	1.79137	-12.1791	1.00963e+12	-8.89227	1.95532	-8.6824	1.78964	1.6051	1.19737
-8.65651	2.0634	-12.2698	1.01431e+12	-8.65649	2.06341	-8.60157	1.84873	1.63202	1.16906
-8.65651	2.0634	-12.2698	1.019e+12	-8.76866	1.7169	-8.51942	1.9064	1.65816	1.14057
-8.30796	1.77197	-12.1055	1.02369e+12	-8.30791	1.77194	-8.43598	1.96265	1.68352	1.11191
-8.30797	1.77197	-12.1055	1.0284e+12	-7.78229	1.76604	-8.35129	2.01746	1.7081	1.08314
-8.28857	1.94323	-12.1084	1.03312e+12	-8.28853	1.94335	-8.2654	2.07083	1.73191	1.05426
-8.28857	1.94323	-12.1084	1.03785e+12	-8.11524	1.87283	-8.17833	2.12276	1.75496	1.02533
-8.27395	2.18701	-12.0745	1.04259e+12	-8.27395	2.18701	-8.09013	2.17324	1.77724	0.99636
-8.27395	2.18701	-12.0745	1.04734e+12	-8.34298	2.25952	-8.00084	2.22228	1.79877	0.967388
-7.60395	2.18859	-11.995	1.0521e+12	-7.60394	2.18861	-7.91048	2.26987	1.81955	0.938441
-7.60395	2.18859	-11.995	1.05688e+12	-7.50692	2.54776	-7.81911	2.31602	1.8396	0.909549
-7.93864	2.40312	-12.0261	1.06166e+12	-7.93864	2.40312	-7.72676	2.36072	1.85891	0.880739
-7.93864	2.40312	-12.0261	1.06645e+12	-7.95622	2.42374	-7.63345	2.40399	1.87751	0.85204
-7.4333	2.68137	-12.3577	1.07126e+12	-7.43322	2.68162	-7.53924	2.44583	1.89541	0.823479
-7.4333	2.68137	-12.3577	1.07607e+12	-7.19637	2.52322	-7.44415	2.48625	1.9126	0.795082
-7.04612	2.58381	-12.3594	1.0809e+12	-7.0461	2.5838	-7.34821	2.52526	1.92912	0.766876
-7.04612	2.58381	-12.3594	1.08573e+12	-7.10386	2.58087	-7.25146	2.56286	1.94496	0.738888
-7.27259	2.26826	-12.4859	1.09058e+12	-7.27261	2.26822	-7.15394	2.59908	1.96014	0.711141
-7.27259	2.26826	-12.4859	1.09544e+12	-7.27994	2.66955	-7.05568	2.63391	1.97468	0.683661
-7.23471	2.64481	-11.6025	1.10031e+12	-7.23229	2.64659	-6.9567	2.66738	1.98858	0.656471
-7.23471	2.64481	-11.6025	1.10519e+12	-6.80683	2.38569	-6.85704	2.6995	2.00187	0.629595
-6.79123	2.69	-11.6055	1.11008e+12	-6.79121	2.69	-6.75673	2.73028	2.01456	0.603055
-6.79123	2.69	-11.6055	1.11498e+12	-6.61494	2.75275	-6.6558	2.75975	2.02666	0.576875
-6.59637	2.73586	-11.7527	1.11989e+12	-6.59628	2.73591	-6.55428	2.78793	2.03819	0.551074
-6.59637	2.73586	-11.7527	1.12481e+12	-6.16498	2.61752	-6.4522	2.81482	2.04916	0.525674
-6.27166	2.92012	-11.8191	1.12974e+12	-6.2027	2.91023	-6.34957	2.84045	2.05959	0.500695
-6.27166	2.92012	-11.8191	1.13468e+12	-6.44815	3.03932	-6.24644	2.86485	2.0695	0.476157
-6.12035	2.68496	-11.7787	1.13964e+12	-6.12035	2.68496	-6.14283	2.88804	2.0789	0.452077
-6.12035	2.68496	-11.7787	1.1446e+12	-5.84355	2.81806	-6.03875	2.91003	2.0878	0.428476
-6.11117	2.91024	-11.8076	1.14958e+12	-6.11117	2.91025	-5.93424	2.93086	2.09623	0.405369
-6.11117	2.91024	-11.8076	1.15456e+12	-5.68694	2.71293	-5.82932	2.95055	2.1042	0.382774
-5.48361	2.64786	-11.8142	1.15956e+12	-5.48352	2.64781	-5.72401	2.96912	2.11172	0.360708
-5.48361	2.64786	-11.8142	1.16457e+12	-5.44895	2.76479	-5.61833	2.9866	2.11882	0.339185
-5.45952	3.15686	-11.7889	1.16959e+12	-5.45951	3.15687	-5.51231	3.00303	2.1255	0.318221
-5.45952	3.15686	-11.7889	1.17461e+12	-4.89269	2.86895	-5.40596	3.01842	2.13178	0.29783
-5.64321	3.11218	-11.7191	1.17965e+12	-5.64323	3.11215	-5.2993	3.0328	2.13769	0.278026
-5.64321	3.11218	-11.7191	1.1847e+12	-4.98115	2.87444	-5.19235	3.04622	2.14323	0.258821
-5.05465	3.16793	-11.7643	1.18976e+12	-5.05462	3.16789	-5.08513	3.05868	2.14841	0.240229
-5.05465	3.16793	-11.7643	1.19483e+12	-4.75002	2.87989	-4.97766	3.07024	2.15327	0.222262
-4.83959	3.14702	-11.7948	1.19992e+12	-4.83958	3.14702	-4.86996	3.08091	2.1578	0.20493
-4.83959	3.14702	-11.7948	1.20501e+12	-4.71821	3.11982	-4.76203	3.09073	2.16202	0.188245
-4.56113	3.02116	-11.7309	1.21011e+12	-4.56112	3.02114	-4.65389	3.09974	2.16595	0.172216
-4.56113	3.02116	-11.7309	1.21523e+12	-4.42616	3.22291	-4.54556	3.10796	2.1696	0.156854
-4.53919	3.04974	-11.7283	1.22035e+12	-4.53924	3.04986	-4.43706	3.11544	2.17298	0.142167
-4.53919	3.04974	-11.7283	1.22549e+12	-4.66218	3.43987	-4.32839	3.12219	2.17611	0.128164
-4.19194	3.2564	-11.7229	1.23063e+12	-4.19193	3.25641	-4.21956	3.12826	2.179	0.114853
-4.19194	3.2564	-11.7229	1.23579e+12	-4.01008	2.984	-4.1106	3.13369	2.18165	0.102242
-3.88013	3.1072	-11.7543	1.24096e+12	-3.88012	3.10721	-4.0015	3.1385	2.18409	0.0903378
-3.88013	3.1072	-11.7543	1.24613e+12	-3.94021	3.0481	-3.89229	3.14274	2.18632	0.0791468
-3.7247	3.13711	-11.7421	1.25132e+12	-3.72469	3.13711	-3.78296	3.14643	2.18834	0.0686754
-3.7247	3.13711	-11.7421	1.25652e+12	-3.7693	3.33674	-3.67354	3.14962	2.19018	0.0589291
-3.54741	2.97768	-11.7191	1.26173e+12	-3.54741	2.97768	-3.56402	3.15234	2.19184	0.0499132
-3.54741	2.97768	-11.7191	1.26695e+12	-3.15455	2.88059	-3.45442	3.15463	2.19332	0.0416324
-3.48633	3.01843	-11.7118	1.27218e+12	-3.48633	3.01843	-3.34475	3.15652	2.19464	0.0340909
-3.48633	3.01843	-11.7118	1.27743e+12	-3.03617	2.96768	-3.23502	3.15806	2.1958	0.0272928
-2.97298	3.09443	-11.6724	1.28268e+12	-2.97296	3.09448	-3.12523	3.15927	2.19681	0.0212416
-2.97298	3.09443	-11.6724	1.28794e+12	-2.56471	2.56263	-3.01539	3.1602	2.19767	0.0159402
-2.77694	3.12125	-11.6766	1.29322e+12	-2.77694	3.12125	-2.9055	3.16088	2.19839	0.0113913
-2.77694	3.12125	-11.6766	1.2985e+12	-2.84635	3.15435	-2.79558	3.16136	2.19898	0.00759715
-2.63962	3.32186	-11.6971	1.3038e+12	-2.63962	3.32186	-2.68563	3.16166	2.19943	0.00455969
-2.63962	3.32186	-11.6971	1.3091e+12	-2.68684	3.19661	-2.57566	3.16183	2.19975	0.00228035
-2.44797	3.24885	-11.7829	1.31442e+12	-2.44794	3.24887	-2.46568	3.16191	2.19994	0.000760224
-2.44797	3.24885	-11.7829	1.31975e+12	-2.27059	3.00997	-2.35568	3.16193	2.2	-3.32062e-15
