R	8.6	0.25	-3.00029	0	1477010443399637
L	8.45	0.25	-3.00027	0	1477010443449633
R	8.45	0.25	0	0	1477010443499690
L	8.45	0.25	0	0	1477010443549747
R	8.35	0.25	-1.81979	0	1477010443604698
L	8.25	0.25	-1.81978	0	1477010443659650
R	8.05	0.2	-3.99976	-0.99994	1477010443709653
L	7.85	0.15	-3.99972	-0.99993	1477010443759657
R	7.7	0.15	-2.99982	0	1477010443809660
L	7.55	0.15	-2.99982	0	1477010443859663
R	7.45	0.100001	-1.8165	-0.908239	1477010443914714
L	7.35	0.0500011	-1.81648	-0.90823	1477010443969766
R	7.2	9.49949e-07	-2.72851	-0.909507	1477010444024741
L	7.05	-0.0499992	-2.72849	-0.909499	1477010444079717
R	6.95	-0.15	-1.81898	-1.81898	1477010444134693
L	6.85	-0.25	-1.81896	-1.81897	1477010444189670
R	6.75	-0.349999	-2.00076	-2.00075	1477010444239651
L	6.65	-0.449999	-2.00076	-2.00075	1477010444289632
R	6.6	-0.549999	-0.998836	-1.99769	1477010444339690
L	6.55	-0.65	-0.99884	-1.99769	1477010444389748
R	6.5	-0.85	-0.908747	-3.63498	1477010444444769
L	6.45	-1.05	-0.908739	-3.63494	1477010444499791
R	6.35	-1.15	-1.81897	-1.81898	1477010444554767
L	6.25	-1.25	-1.81896	-1.81896	1477010444609744
R	6.3	-1.45	0.909739	-3.63894	1477010444664705
L	6.35	-1.65	0.909727	-3.63891	1477010444719667
R	6.3	-1.8	-0.999494	-2.9985	1477010444769692
L	6.25	-1.95	-0.999489	-2.99847	1477010444819718
R	6.3	-2.1	0.999984	-2.99994	1477010444869719
L	6.35	-2.25	0.999979	-2.99994	1477010444919720
R	6.35	-2.4	0	-2.72613	1477010444974743
L	6.35	-2.55	0	-2.72611	1477010445029767
R	6.4	-2.7	0.909499	-2.72851	1477010445084742
L	6.45	-2.85	0.909503	-2.72851	1477010445139717
R	6.45	-3	0	-2.99754	1477010445189758
L	6.45	-3.15	0	-2.99754	1477010445239799
R	6.5	-3.3	0.910402	-2.7312	1477010445294720
L	6.55	-3.45	0.910402	-2.7312	1477010445349641
R	6.65	-3.6	1.81722	-2.72583	1477010445404670
L	6.75	-3.75	1.81721	-2.72581	1477010445459700
R	6.8	-3.9	0.907988	-2.72396	1477010445514767
L	6.85	-4.05	0.907976	-2.72393	1477010445569835
R	6.9	-4.2	0.909334	-2.72801	1477010445624820
L	6.95	-4.35	0.90933	-2.72799	1477010445679806
R	7	-4.45	0.910054	-1.8201	1477010445734748
L	7.05	-4.55	0.910054	-1.8201	1477010445789690
R	7.1	-4.7	0.908302	-2.72489	1477010445844738
L	7.15	-4.85	0.908297	-2.72489	1477010445899786
R	7.25	-5	1.81907	-2.72861	1477010445954759
L	7.35	-5.15	1.81907	-2.72861	1477010446009732
R	7.4	-5.3	0.908194	-2.7246	1477010446064786
L	7.45	-5.45	0.90819	-2.72457	1477010446119841
R	7.55	-5.55	1.81974	-1.81974	1477010446174794
L	7.65	-5.65	1.81972	-1.81972	1477010446229748
R	7.7	-5.8	0.90983	-2.72951	1477010446284703
L	7.75	-5.95	0.909826	-2.72948	1477010446339659
R	7.85	-6.1	1.9986	-2.9979	1477010446389694
L	7.95	-6.25	1.99858	-2.99787	1477010446439730
R	8.05	-6.35	1.81738	-1.81739	1477010446494754
L	8.15	-6.45	1.81737	-1.81737	1477010446549779
R	8.2	-6.6	0.909293	-2.72787	1477010446604767
L	8.25	-6.75	0.909293	-2.72787	1477010446659755
R	8.35	-6.85	1.81994	-1.81993	1477010446714702
L	8.45	-6.95	1.81993	-1.81993	1477010446769649
R	8.5	-7.1	1.00006	-3.00018	1477010446819646
L	8.55	-7.25	1.00006	-3.00018	1477010446869643
R	8.65	-7.4	1.99807	-2.99712	1477010446919691
L	8.75	-7.55	1.99808	-2.99712	1477010446969739
R	8.8	-7.65	0.909955	-1.8199	1477010447024687
L	8.85	-7.75	0.909946	-1.81988	1477010447079636
R	8.9	-7.9	0.999086	-2.9973	1477010447129681
L	8.95	-8.05	0.999095	-2.9973	1477010447179726
R	9	-8.15	0.909309	-1.8186	1477010447234713
L	9.05	-8.25	0.909301	-1.81859	1477010447289701
R	9.1	-8.4	1.0004	-3.00119	1477010447339681
L	9.15	-8.55	1.00038	-3.00117	1477010447389662
R	9.2	-8.65	0.909508	-1.819	1477010447444637
L	9.25	-8.75	0.9095	-1.81899	1477010447499613
R	9.35	-8.95	1.99965	-3.99928	1477010447549622
L	9.45	-9.15	1.99964	-3.99928	1477010447599631
R	9.5	-9.25	0.999584	-1.99917	1477010447649652
L	9.55	-9.35	0.999584	-1.99917	1477010447699673
R	9.55	-9.5	0	-3.00023	1477010447749669
L	9.55	-9.65	0	-3.0002	1477010447799666
R	9.6	-9.8	0.999005	-2.997	1477010447849716
L	9.65	-9.95	0.998995	-2.997	1477010447899766
R	9.7	-10.05	0.909855	-1.81969	1477010447954720
L	9.75	-10.15	0.909847	-1.81969	1477010448009675
R	9.75	-10.3	0	-3.00065	1477010448059664
L	9.75	-10.45	0	-3.00063	1477010448109654
R	9.8	-10.6	0.90817	-2.72451	1477010448164710
L	9.85	-10.75	0.908161	-2.72448	1477010448219767
R	9.85	-10.9	0	-2.73074	1477010448274697
L	9.85	-11.05	0	-2.73073	1477010448329628
R	9.85	-11.2	0	-2.99965	1477010448379634
L	9.85	-11.35	0	-2.99961	1477010448429641
R	9.85	-11.5	0	-2.99843	1477010448479667
L	9.85	-11.65	0	-2.99843	1477010448529693
R	9.8	-11.75	-1.0003	-2.00061	1477010448579678
L	9.75	-11.85	-1.00029	-2.00059	1477010448629664
R	9.7	-12	-1.0004	-3.00119	1477010448679644
L	9.65	-12.15	-1.00039	-3.00116	1477010448729625
R	9.6	-12.25	-0.999885	-1.99981	1477010448779630
L	9.55	-12.35	-0.999884	-1.99979	1477010448829636
R	9.45	-12.45	-1.99803	-1.99805	1477010448879685
L	9.35	-12.55	-1.99804	-1.99804	1477010448929734
R	9.3	-12.65	-0.909773	-1.81953	1477010448984693
L	9.25	-12.75	-0.909773	-1.81954	1477010449039652
R	9.05	-12.85	-3.99257	-1.99629	1477010449089745
L	8.85	-12.95	-3.99253	-1.99627	1477010449139839
R	8.75	-13	-1.8213	-0.910651	1477010449194745
L	8.65	-13.05	-1.8213	-0.910651	1477010449249651
R	8.5	-13.1	-2.997	-0.999005	1477010449299701
L	8.35	-13.15	-2.997	-0.998995	1477010449349751
R	8.2	-13.15	-2.72741	0	1477010449404748
L	8.05	-13.15	-2.72742	0	1477010449459745
R	7.9	-13.15	-2.72986	0	1477010449514693
L	7.75	-13.15	-2.72986	0	1477010449569641
R	7.6	-13.2	-2.9979	-0.999304	1477010449619676
L	7.45	-13.25	-2.9979	-0.999304	1477010449669711
R	7.3	-13.25	-2.72846	0	1477010449724687
L	7.15	-13.25	-2.72844	0	1477010449779664
R	7	-13.2	-2.99784	0.999284	1477010449829700
L	6.85	-13.15	-2.99784	0.999284	1477010449879736
R	6.7	-13.1	-2.72787	0.909275	1477010449934724
L	6.55	-13.05	-2.72787	0.909284	1477010449989712
R	6.4	-13.05	-2.72678	0	1477010450044722
L	6.25	-13.05	-2.72678	0	1477010450099732
R	6.1	-13	-2.72966	0.909888	1477010450154684
L	5.95	-12.95	-2.72963	0.90988	1477010450209637
R	5.8	-12.85	-2.99777	1.99851	1477010450259674
L	5.65	-12.75	-2.99778	1.99852	1477010450309711
R	5.55	-12.7	-1.81798	0.908995	1477010450364717
L	5.45	-12.65	-1.81799	0.908995	1477010450419723
R	5.3	-12.55	-2.72627	1.81753	1477010450474743
L	5.15	-12.45	-2.72625	1.8175	1477010450529764
R	5.05	-12.35	-1.8199	1.81989	1477010450584712
L	4.95	-12.25	-1.81991	1.8199	1477010450639660
R	4.85	-12.15	-1.99928	1.99929	1477010450689678
L	4.75	-12.05	-1.99928	1.99928	1477010450739696
R	4.7	-11.9	-0.908236	2.72471	1477010450794748
L	4.65	-11.75	-0.908231	2.7247	1477010450849800
R	4.6	-11.65	-0.909847	1.81971	1477010450904754
L	4.55	-11.55	-0.909843	1.81969	1477010450959709
R	4.5	-11.35	-1.0008	4.0032	1477010451009669
L	4.45	-11.15	-1.0008	4.00321	1477010451059629
R	4.45	-11.05	0	1.81614	1477010451114691
L	4.45	-10.95	0	1.81612	1477010451169754
R	4.45	-10.8	0	2.72555	1477010451224789
L	4.45	-10.65	0	2.72554	1477010451279824
R	4.45	-10.5	0	2.729	1477010451334789
L	4.45	-10.35	0	2.72898	1477010451389755
R	4.5	-10.2	0.908962	2.72687	1477010451444763
L	4.55	-10.05	0.908954	2.72685	1477010451499772
R	4.6	-9.9	0.909756	2.72927	1477010451554732
L	4.65	-9.75	0.909752	2.72926	1477010451609692
R	4.7	-9.6	0.90859	2.72578	1477010451664722
L	4.75	-9.45	0.908586	2.72576	1477010451719753
R	4.85	-9.3	1.81967	2.72952	1477010451774708
L	4.95	-9.15	1.81967	2.72951	1477010451829663
R	5	-9.05	0.999884	1.99977	1477010451879669
L	5.05	-8.95	0.999874	1.99974	1477010451929676
R	5.15	-8.8	1.81805	2.72708	1477010451984680
L	5.25	-8.65	1.81803	2.72705	1477010452039685
R	5.35	-8.55	1.99956	1.99957	1477010452089696
L	5.45	-8.45	1.99954	1.99954	1477010452139708
R	5.5	-8.35	0.909045	1.81807	1477010452194711
L	5.55	-8.25	0.909045	1.81808	1477010452249714
R	5.7	-8.1	2.72608	2.72608	1477010452304738
L	5.85	-7.95	2.72606	2.72606	1477010452359763
R	5.95	-7.85	1.81801	1.81801	1477010452414768
L	6.05	-7.75	1.81802	1.81801	1477010452469773
R	6.15	-7.65	1.81798	1.81798	1477010452524779
L	6.25	-7.55	1.81798	1.81798	1477010452579785
R	6.35	-7.45	1.82027	1.82027	1477010452634722
L	6.45	-7.35	1.82025	1.82025	1477010452689660
R	6.6	-7.25	2.99862	1.99908	1477010452739683
L	6.75	-7.15	2.99862	1.99908	1477010452789706
R	6.8	-7.05	0.908005	1.816	1477010452844772
L	6.85	-6.95	0.908	1.81601	1477010452899838
R	7	-6.85	2.72856	1.81904	1477010452954812
L	7.15	-6.75	2.72854	1.81902	1477010453009787
R	7.25	-6.65	1.8202	1.8202	1477010453064726
L	7.35	-6.55	1.82018	1.82018	1477010453119666
R	7.5	-6.5	2.99964	0.999884	1477010453169672
L	7.65	-6.45	2.99964	0.999884	1477010453219678
R	7.75	-6.4	1.81709	0.908549	1477010453274711
L	7.85	-6.35	1.81709	0.908545	1477010453329744
R	8	-6.25	2.72931	1.81954	1477010453384703
L	8.15	-6.15	2.72928	1.81952	1477010453439663
R	8.25	-6.05	1.99977	1.99976	1477010453489669
L	8.35	-5.95	1.99977	1.99976	1477010453539675
R	8.5	-5.9	2.72796	0.909326	1477010453594661
L	8.65	-5.85	2.72796	0.909321	1477010453649647
R	8.75	-5.75	1.81776	1.81775	1477010453704660
L	8.85	-5.65	1.81774	1.81773	1477010453759674
R	8.95	-5.55	1.99657	1.99656	1477010453809760
L	9.05	-5.45	1.99654	1.99655	1477010453859847
R	9.2	-5.4	2.72728	0.909094	1477010453914847
L	9.35	-5.35	2.72727	0.90909	1477010453969847
R	9.45	-5.25	1.81816	1.81815	1477010454024848
L	9.55	-5.15	1.81813	1.81813	1477010454079850
R	9.65	-5.05	1.82036	1.82036	1477010454134784
L	9.75	-4.95	1.82036	1.82037	1477010454189718
R	9.85	-4.85	1.81578	1.81577	1477010454244791
L	9.95	-4.75	1.81575	1.81575	1477010454299865
R	10.05	-4.6	1.82039	2.7306	1477010454354798
L	10.15	-4.45	1.8204	2.7306	1477010454409731
R	10.25	-4.3	1.81769	2.72652	1477010454464746
L	10.35	-4.15	1.81768	2.7265	1477010454519762
R	10.45	-4.05	1.81792	1.81792	1477010454574770
L	10.55	-3.95	1.8179	1.8179	1477010454629779
R	10.65	-3.85	1.81903	1.81904	1477010454684753
L	10.75	-3.75	1.81902	1.81903	1477010454739728
R	10.8	-3.6	0.909773	2.72931	1477010454794687
L	10.85	-3.45	0.909764	2.72928	1477010454849647
R	10.95	-3.3	1.99953	2.99928	1477010454899659
L	11.05	-3.15	1.9995	2.99925	1477010454949672
R	11.1	-3	0.907725	2.72317	1477010455004755
L	11.15	-2.85	0.907708	2.72314	1477010455059839
R	11.2	-2.7	0.908929	2.72678	1477010455114849
L	11.25	-2.55	0.908929	2.72678	1477010455169859
R	11.2	-2.4	-0.909276	2.72782	1477010455224848
L	11.15	-2.25	-0.909276	2.72782	1477010455279837
R	11.25	-2.1	1.81915	2.72871	1477010455334808
L	11.35	-1.95	1.81913	2.72869	1477010455389780
R	11.35	-1.8	0	2.73035	1477010455444718
L	11.35	-1.65	0	2.73033	1477010455499657
R	11.3	-1.5	-0.999165	2.99748	1477010455549699
L	11.25	-1.35	-0.999155	2.99745	1477010455599742
R	11.2	-1.25	-0.909822	1.81964	1477010455654698
L	11.15	-1.15	-0.909822	1.81964	1477010455709654
R	11.05	-0.95	-1.99817	3.99632	1477010455759700
L	10.95	-0.75	-1.99816	3.99632	1477010455809746
R	10.9	-0.649999	-0.908549	1.8171	1477010455864779
L	10.85	-0.549999	-0.908532	1.81708	1477010455919813
R	10.75	-0.45	-1.8174	1.81738	1477010455974837
L	10.65	-0.35	-1.8174	1.81738	1477010456029861
R	10.5	-0.25	-2.72796	1.81864	1477010456084847
L	10.35	-0.15	-2.72796	1.81864	1477010456139833
R	10.25	-0.0999996	-1.81964	0.909826	1477010456194789
L	10.15	-0.0499992	-1.81963	0.909818	1477010456249746
R	10	9.49949e-07	-2.73049	0.910169	1477010456304681
L	9.85	0.0500011	-2.73047	0.910161	1477010456359617
R	9.7	0.0500011	-2.72439	0	1477010456414675
L	9.55	0.0500011	-2.72438	0	1477010456469734
R	9.4	0.100001	-2.72773	0.90923	1477010456524725
L	9.25	0.15	-2.7277	0.909222	1477010456579717
R	9.1	0.2	-2.72652	0.908843	1477010456634732
L	8.95	0.25	-2.72653	0.908843	1477010456689747
R	8.85	0.25	-1.81847	0	1477010456744738
L	8.75	0.25	-1.81846	0	1477010456799730
R	8.55	0.25	-3.6326	0	1477010456854787
L	8.35	0.25	-3.6326	0	1477010456909844
R	8.2	0.25	-2.72841	0	1477010456964821
L	8.05	0.25	-2.72842	0	1477010457019798
R	7.9	0.2	-2.72708	-0.909025	1477010457074802
L	7.75	0.15	-2.72705	-0.909016	1477010457129807
R	7.6	0.100001	-2.73169	-0.910554	1477010457184718
L	7.45	0.0500011	-2.73169	-0.910554	1477010457239629
R	7.3	0.0500011	-2.99789	0	1477010457289664
L	7.15	0.0500011	-2.9979	0	1477010457339699
R	7.05	-0.0499995	-1.81811	-1.81813	1477010457394701
L	6.95	-0.15	-1.8181	-1.81811	1477010457449704
R	6.85	-0.25	-1.81646	-1.81646	1477010457504756
L	6.75	-0.35	-1.81645	-1.81645	1477010457559809
R	6.65	-0.45	-1.81901	-1.819	1477010457614784
L	6.55	-0.549999	-1.81899	-1.81898	1477010457669760
R	6.5	-0.749999	-0.909789	-3.63914	1477010457724718
L	6.45	-0.949999	-0.909781	-3.63911	1477010457779677
R	6.4	-1.1	-1.0002	-3.00061	1477010457829667
L	6.35	-1.25	-1.0002	-3.00061	1477010457879657
R	6.3	-1.35	-1.00035	-2.00072	1477010457929639
L	6.25	-1.45	-1.00036	-2.00072	1477010457979621
R	6.25	-1.6	0	-2.99288	1477010458029740
L	6.25	-1.75	0	-2.99285	1477010458079860
R	6.3	-1.9	0.909739	-2.72921	1477010458134821
L	6.35	-2.05	0.909735	-2.72921	1477010458189782
R	6.35	-2.2	0	-2.72782	1477010458244771
L	6.35	-2.35	0	-2.72779	1477010458299761
R	6.35	-2.55	0	-3.63689	1477010458354753
L	6.35	-2.75	0	-3.63689	1477010458409745
R	6.4	-2.9	0.908854	-2.72658	1477010458464759
L	6.45	-3.05	0.908859	-2.72658	1477010458519773
R	6.5	-3.2	0.908863	-2.72658	1477010458574787
L	6.55	-3.35	0.908855	-2.72655	1477010458629802
R	6.6	-3.5	0.908714	-2.72613	1477010458684825
L	6.65	-3.65	0.908702	-2.72611	1477010458739849
R	6.7	-3.8	0.909565	-2.72871	1477010458794820
L	6.75	-3.95	0.909561	-2.72869	1477010458849792
R	6.8	-4.1	0.908566	-2.72568	1477010458904824
L	6.85	-4.25	0.908561	-2.72569	1477010458959856
R	6.95	-4.4	1.81821	-2.72732	1477010459014855
L	7.05	-4.55	1.81822	-2.72732	1477010459069854
R	7.1	-4.7	0.91085	-2.73253	1477010459124748
L	7.15	-4.85	0.910837	-2.73251	1477010459179643
R	7.2	-4.95	1.00033	-2.00068	1477010459229626
L	7.25	-5.05	1.00033	-2.00066	1477010459279610
R	7.35	-5.2	1.9976	-2.9964	1477010459329670
L	7.45	-5.35	1.9976	-2.9964	1477010459379730
R	7.5	-5.45	0.908252	-1.8165	1477010459434781
L	7.55	-5.55	0.908244	-1.81648	1477010459489833
R	7.65	-5.7	1.81785	-2.72677	1477010459544843
L	7.75	-5.85	1.81785	-2.72677	1477010459599853
R	7.8	-5.95	0.909078	-1.81815	1477010459654854
L	7.85	-6.05	0.909073	-1.81815	1477010459709855
R	7.95	-6.2	1.8197	-2.72955	1477010459764809
L	8.05	-6.35	1.81969	-2.72953	1477010459819764
R	8.15	-6.5	1.8187	-2.72807	1477010459874748
L	8.25	-6.65	1.81869	-2.72804	1477010459929733
R	8.3	-6.75	0.908979	-1.81795	1477010459984740
L	8.35	-6.85	0.908979	-1.81795	1477010460039747
R	8.4	-7	0.909094	-2.72732	1477010460094746
L	8.45	-7.15	0.909102	-2.72732	1477010460149745
R	8.55	-7.3	1.81751	-2.72628	1477010460204765
L	8.65	-7.45	1.81752	-2.72628	1477010460259785
R	8.7	-7.55	0.908615	-1.81723	1477010460314814
L	8.75	-7.65	0.908607	-1.81721	1477010460369844
R	8.85	-7.8	1.8215	-2.73224	1477010460424744
L	8.95	-7.95	1.82148	-2.73221	1477010460479645
R	9	-8.1	0.999025	-2.99707	1477010460529694
L	9.05	-8.25	0.999015	-2.99704	1477010460579744
R	9.1	-8.35	0.908285	-1.81657	1477010460634793
L	9.15	-8.45	0.908268	-1.81655	1477010460689843
R	9.2	-8.6	0.91012	-2.73036	1477010460744781
L	9.25	-8.75	0.910112	-2.73033	1477010460799720
R	9.3	-8.9	0.909524	-2.72856	1477010460854694
L	9.35	-9.05	0.909524	-2.72856	1477010460909668
R	9.4	-9.2	0.999066	-2.99725	1477010460959714
L	9.45	-9.35	0.999075	-2.99724	1477010461009760
R	9.5	-9.5	0.909706	-2.7291	1477010461064723
L	9.55	-9.65	0.909706	-2.7291	1477010461119686
R	9.6	-9.8	1.00048	-3.00143	1477010461169662
L	9.65	-9.95	1.00046	-3.00141	1477010461219639
R	9.7	-10.05	0.998785	-1.99755	1477010461269700
L	9.75	-10.15	0.998775	-1.99754	1477010461319762
R	9.75	-10.3	0	-2.72851	1477010461374737
L	9.75	-10.45	0	-2.72849	1477010461429713
R	9.8	-10.6	0.909012	-2.72704	1477010461484718
L	9.85	-10.75	0.909012	-2.72703	1477010461539723
R	9.85	-10.9	0	-3.00318	1477010461589670
L	9.85	-11.05	0	-3.00316	1477010461639618
R	9.85	-11.2	0	-3.00013	1477010461689616
L	9.85	-11.35	0	-3.00012	1477010461739614
R	9.85	-11.5	0	-2.99592	1477010461789682
L	9.85	-11.65	0	-2.99592	1477010461839750
R	9.8	-11.75	-0.908731	-1.81746	1477010461894772
L	9.75	-11.85	-0.908731	-1.81746	1477010461949794
R	9.7	-12	-0.909591	-2.72875	1477010462004764
L	9.65	-12.15	-0.909582	-2.72873	1477010462059735
R	9.6	-12.3	-0.908879	-2.72667	1477010462114747
L	9.55	-12.45	-0.908879	-2.72665	1477010462169760
R	9.45	-12.55	-1.82006	-1.82006	1477010462224703
L	9.35	-12.65	-1.82005	-1.82005	1477010462279647
R	9.2	-12.75	-3.00047	-2.00033	1477010462329639
L	9.05	-12.85	-3.00048	-2.00033	1477010462379631
R	8.95	-12.9	-1.81543	-0.907707	1477010462434714
L	8.85	-12.95	-1.81542	-0.907708	1477010462489798
R	8.7	-13.05	-2.73134	-1.82089	1477010462544716
L	8.55	-13.15	-2.73135	-1.82089	1477010462599634
R	8.4	-13.15	-2.99683	0	1477010462649687
L	8.25	-13.15	-2.9968	0	1477010462699741
R	8.1	-13.2	-2.72707	-0.909028	1477010462754745
L	7.95	-13.25	-2.72705	-0.90902	1477010462809750
R	7.8	-13.25	-2.7295	0	1477010462864705
L	7.65	-13.25	-2.7295	0	1477010462919660
R	7.5	-13.25	-2.99994	0	1477010462969661
L	7.35	-13.25	-2.99994	0	1477010463019662
R	7.2	-13.2	-2.72698	0.908995	1477010463074668
L	7.05	-13.15	-2.72695	0.908987	1477010463129675
R	6.85	-13.15	-3.63709	0	1477010463184664
L	6.65	-13.15	-3.63709	0	1477010463239653
R	6.5	-13.1	-3.0006	1.00018	1477010463289643
L	6.35	-13.05	-3.0006	1.00019	1477010463339633
R	6.25	-13.05	-1.81729	0	1477010463394660
L	6.15	-13.05	-1.81729	0	1477010463449687
R	6	-12.95	-2.72861	1.81906	1477010463504660
L	5.85	-12.85	-2.72861	1.81907	1477010463559633
R	5.7	-12.8	-2.99988	0.999964	1477010463609635
L	5.55	-12.75	-2.99985	0.999954	1477010463659638
R	5.45	-12.7	-2.00001	1	1477010463709638
L	5.35	-12.65	-1.99998	0.999994	1477010463759639
R	5.25	-12.55	-1.99732	1.99733	1477010463809706
L	5.15	-12.45	-1.9973	1.9973	1477010463859774
R	5.05	-12.35	-1.8206	1.82059	1477010463914701
L	4.95	-12.25	-1.82058	1.82058	1477010463969629
R	4.85	-12.1	-1.9998	2.99969	1477010464019634
L	4.75	-11.95	-1.9998	2.9997	1477010464069639
R	4.7	-11.85	-1.00002	2.00003	1477010464119638
L	4.65	-11.75	-1.00001	2.00002	1477010464169638
R	4.6	-11.6	-0.998955	2.99688	1477010464219690
L	4.55	-11.45	-0.99896	2.99689	1477010464269742
R	4.5	-11.3	-1.00106	3.00319	1477010464319689
L	4.45	-11.15	-1.00106	3.00319	1477010464369636
R	4.45	-11.05	0	1.8168	1477010464424678
L	4.45	-10.95	0	1.81679	1477010464479720
R	4.45	-10.8	0	3.00139	1477010464529697
L	4.45	-10.65	0	3.00138	1477010464579674
R	4.45	-10.55	0	2.00041	1477010464629664
L	4.45	-10.45	0	2.00038	1477010464679655
R	4.5	-10.3	0.999584	2.99875	1477010464729676
L	4.55	-10.15	0.999574	2.99871	1477010464779698
R	4.55	-10	0	2.72717	1477010464834700
L	4.55	-9.85	0	2.72714	1477010464889703
R	4.65	-9.7	1.8193	2.72895	1477010464944669
L	4.75	-9.55	1.81929	2.72894	1477010464999636
R	4.8	-9.4	1.00006	3.00019	1477010465049633
L	4.85	-9.25	1.00005	3.00015	1477010465099631
R	4.95	-9.15	2.00004	2.00005	1477010465149630
L	5.05	-9.05	2.00004	2.00004	1477010465199629
R	5.1	-8.9	0.999704	2.99911	1477010465249644
L	5.15	-8.75	0.999689	2.99907	1477010465299660
R	5.25	-8.65	1.81848	1.81849	1477010465354651
L	5.35	-8.55	1.81846	1.81846	1477010465409643
R	5.45	-8.4	2.00068	3.00103	1477010465459626
L	5.55	-8.25	2.00066	3.00099	1477010465509610
R	5.65	-8.15	1.99952	1.99953	1477010465559622
L	5.75	-8.05	1.9995	1.9995	1477010465609635
R	5.8	-7.95	0.999944	1.99989	1477010465659638
L	5.85	-7.85	0.999939	1.99988	1477010465709641
R	5.95	-7.75	1.99772	1.99772	1477010465759698
L	6.05	-7.65	1.99771	1.9977	1477010465809756
R	6.15	-7.55	1.8199	1.8199	1477010465864704
L	6.25	-7.45	1.8199	1.81991	1477010465919652
R	6.4	-7.35	2.99605	1.99736	1477010465969718
L	6.55	-7.25	2.99605	1.99736	1477010466019784
R	6.65	-7.2	1.8206	0.910303	1477010466074711
L	6.75	-7.15	1.8206	0.910298	1477010466129638
R	6.85	-7.05	1.99848	1.99848	1477010466179676
L	6.95	-6.95	1.99846	1.99846	1477010466229715
R	7.1	-6.85	2.72688	1.81792	1477010466284723
L	7.25	-6.75	2.72688	1.81792	1477010466339731
R	7.35	-6.65	1.81821	1.81821	1477010466394730
L	7.45	-6.55	1.81821	1.81821	1477010466449729
R	7.55	-6.5	1.81726	0.908632	1477010466504757
L	7.65	-6.45	1.81726	0.908632	1477010466559785
R	7.8	-6.4	2.72951	0.909839	1477010466614740
L	7.95	-6.35	2.72948	0.909826	1477010466669696
R	8.05	-6.25	2.00047	2.00048	1477010466719684
L	8.15	-6.15	2.00048	2.00048	1477010466769672
R	8.3	-6.05	2.72702	1.81801	1477010466824677
L	8.45	-5.95	2.727	1.818	1477010466879683
R	8.55	-5.9	2.00127	1.00064	1477010466929651
L	8.65	-5.85	2.00128	1.00064	1477010466979619
R	8.8	-5.75	2.99963	1.99976	1477010467029625
L	8.95	-5.65	2.99961	1.99974	1477010467079632
R	9.05	-5.55	1.99699	1.997	1477010467129707
L	9.15	-5.45	1.997	1.99701	1477010467179782
R	9.25	-5.35	1.8166	1.81659	1477010467234830
L	9.35	-5.25	1.8166	1.81659	1477010467289878
R	9.45	-5.15	1.8222	1.82219	1477010467344757
L	9.55	-5.05	1.82219	1.82219	1477010467399636
R	9.65	-5	1.99604	0.998028	1477010467449735
L	9.75	-4.95	1.99605	0.998028	1477010467499834
R	9.85	-4.85	1.81895	1.81894	1477010467554811
L	9.95	-4.75	1.81894	1.81894	1477010467609788
R	10.05	-4.6	1.81966	2.72951	1477010467664743
L	10.15	-4.45	1.81965	2.72948	1477010467719699
R	10.25	-4.35	1.81908	1.81907	1477010467774672
L	10.35	-4.25	1.81908	1.81907	1477010467829645
R	10.45	-4.1	2.00061	3.0009	1477010467879630
L	10.55	-3.95	2.0006	3.0009	1477010467929615
R	10.65	-3.85	1.99963	1.99964	1477010467979624
L	10.75	-3.75	1.99962	1.99962	1477010468029634
R	10.8	-3.6	0.999844	2.99952	1477010468079642
L	10.85	-3.45	0.999834	2.99949	1477010468129651
R	10.95	-3.35	2.00065	2.00064	1477010468179635
L	11.05	-3.25	2.00064	2.00064	1477010468229619
R	11.1	-3.1	0.998546	2.99563	1477010468279692
L	11.15	-2.95	0.998526	2.9956	1477010468329766
R	11.15	-2.8	0	2.73104	1477010468384690
L	11.15	-2.65	0	2.73102	1477010468439615
R	11.15	-2.55	0	1.81785	1477010468494625
L	11.15	-2.45	0	1.81785	1477010468549635
R	11.25	-2.25	1.99733	3.99465	1477010468599702
L	11.35	-2.05	1.99733	3.99465	1477010468649769
R	11.35	-1.95	0	1.81854	1477010468704758
L	11.35	-1.85	0	1.81853	1477010468759748
R	11.35	-1.7	0	2.72762	1477010468814741
L	11.35	-1.55	0	2.72762	1477010468869734
R	11.3	-1.4	-0.908846	2.72653	1477010468924749
L	11.25	-1.25	-0.908846	2.72653	1477010468979764
R	11.15	-1.1	-1.82014	2.73021	1477010469034705
L	11.05	-0.949999	-1.82013	2.73021	1477010469089646
R	11	-0.799999	-1.00036	3.00107	1477010469139628
L	10.95	-0.65	-1.00035	3.00104	1477010469189611
R	10.85	-0.5	-2.00003	3.00006	1477010469239610
L	10.75	-0.35	-2.00002	3.00003	1477010469289610
R	10.65	-0.3	-1.81779	0.908892	1477010469344622
L	10.55	-0.25	-1.81778	0.908893	1477010469399634
R	10.4	-0.15	-3.00061	2.00041	1477010469449624
L	10.25	-0.0499992	-3.0006	2.00041	1477010469499614
R	10.15	-0.0499992	-1.99645	0	1477010469549703
L	10.05	-0.0499992	-1.99644	0	1477010469599792
R	9.9	9.49949e-07	-2.73175	0.910584	1477010469654702
L	9.75	0.0500011	-2.73174	0.910584	1477010469709612
R	9.6	0.100001	-2.99544	0.998471	1477010469759688
L	9.45	0.15	-2.99545	0.998471	1477010469809764
R	9.35	0.15	-1.81963	0	1477010469864720
L	9.25	0.15	-1.81962	0	1477010469919677
R	9.1	0.2	-3.00059	1.0002	1477010469969667
L	8.95	0.25	-3.0006	1.0002	1477010470019657
R	8.8	0.25	-2.99995	0	1477010470069658
L	8.65	0.25	-2.99994	0	1477010470119659
R	8.5	0.25	-2.99323	0	1477010470169772
L	8.35	0.25	-2.9932	0	1477010470219886
R	8.2	0.25	-2.73233	0	1477010470274784
L	8.05	0.25	-2.73234	0	1477010470329682
R	7.9	0.2	-3.00234	-1.00078	1477010470379643
L	7.75	0.15	-3.00231	-1.00077	1477010470429605
R	7.6	0.15	-2.99599	0	1477010470479672
L	7.45	0.15	-2.99596	0	1477010470529740
R	7.35	0.100001	-1.81801	-0.908998	1477010470584745
L	7.25	0.0500011	-1.81801	-0.908998	1477010470639750
R	7.1	-0.0499995	-2.72495	-1.81664	1477010470694797
L	6.95	-0.15	-2.72492	-1.81662	1477010470749845
R	6.9	-0.25	-0.910634	-1.82126	1477010470804752
L	6.85	-0.35	-0.910622	-1.82124	1477010470859660
R	6.7	-0.45	-2.99641	-1.99759	1477010470909720
L	6.55	-0.549999	-2.99637	-1.99757	1477010470959781
R	6.5	-0.7	-0.909955	-2.72986	1477010471014729
L	6.45	-0.85	-0.909955	-2.72986	1477010471069677
R	6.4	-1	-0.999224	-2.99766	1477010471119716
L	6.35	-1.15	-0.99921	-2.99763	1477010471169756
R	6.3	-1.3	-0.908722	-2.72618	1477010471224778
L	6.25	-1.45	-0.908718	-2.72616	1477010471279801
R	6.3	-1.6	0.910485	-2.73144	1477010471334717
L	6.35	-1.75	0.910481	-2.73144	1477010471389633
R	6.35	-1.9	0	-2.99515	1477010471439714
L	6.35	-2.05	0	-2.99515	1477010471489795
R	6.35	-2.2	0	-2.72856	1477010471544769
L	6.35	-2.35	0	-2.72854	1477010471599744
R	6.4	-2.5	0.908227	-2.7247	1477010471654796
L	6.45	-2.65	0.908223	-2.72467	1477010471709849
R	6.45	-2.8	0	-2.72732	1477010471764848
L	6.45	-2.95	0	-2.7273	1477010471819848
R	6.5	-3.15	0.909078	-3.6363	1477010471874849
L	6.55	-3.35	0.90907	-3.63626	1477010471929851
R	6.6	-3.5	0.910038	-2.7301	1477010471984794
L	6.65	-3.65	0.910033	-2.7301	1477010472039737
R	6.7	-3.8	0.908095	-2.7243	1477010472094797
L	6.75	-3.95	0.908091	-2.72428	1477010472149858
R	6.8	-4.1	0.910949	-2.73284	1477010472204746
L	6.85	-4.25	0.910945	-2.73284	1477010472259634
R	6.9	-4.35	0.999834	-1.99968	1477010472309642
L	6.95	-4.45	0.999829	-1.99966	1477010472359651
R	7.05	-4.6	1.99653	-2.99479	1477010472409738
L	7.15	-4.75	1.99653	-2.99479	1477010472459825
R	7.2	-4.85	1.00098	-2.00196	1477010472509776
L	7.25	-4.95	1.00097	-2.00194	1477010472559728
R	7.3	-5.1	0.90969	-2.72906	1477010472614692
L	7.35	-5.25	0.909677	-2.72904	1477010472669657
R	7.45	-5.4	1.99976	-2.99964	1477010472719663
L	7.55	-5.55	1.99976	-2.99964	1477010472769669
R	7.6	-5.65	1.00038	-2.00076	1477010472819650
L	7.65	-5.75	1.00037	-2.00074	1477010472869632
R	7.75	-5.9	1.81659	-2.7249	1477010472924680
L	7.85	-6.05	1.81659	-2.7249	1477010472979728
R	7.9	-6.15	0.909251	-1.81851	1477010473034718
L	7.95	-6.25	0.909247	-1.81849	1477010473089709
R	8.05	-6.35	1.81576	-1.81577	1477010473144782
L	8.15	-6.45	1.81577	-1.81577	1477010473199855
R	8.25	-6.6	1.8218	-2.73269	1477010473254746
L	8.35	-6.75	1.8218	-2.73269	1477010473309637
R	8.4	-6.9	0.907987	-2.72401	1477010473364703
L	8.45	-7.05	0.907988	-2.72398	1477010473419770
R	8.5	-7.2	0.910054	-2.73014	1477010473474712
L	8.55	-7.35	0.910046	-2.73012	1477010473529655
R	8.65	-7.45	1.99827	-1.99828	1477010473579698
L	8.75	-7.55	1.99828	-1.99828	1477010473629741
R	8.8	-7.7	0.909061	-2.72717	1477010473684743
L	8.85	-7.85	0.909053	-2.72715	1477010473739746
R	8.9	-8	0.908945	-2.72688	1477010473794754
L	8.95	-8.15	0.908953	-2.72687	1477010473849762
R	9.05	-8.25	1.82026	-1.82027	1477010473904699
L	9.15	-8.35	1.82025	-1.82026	1477010473959637
R	9.2	-8.5	0.999884	-2.99963	1477010474009643
L	9.25	-8.65	0.999874	-2.9996	1477010474059650
R	9.3	-8.8	0.999284	-2.99783	1477010474109686
L	9.35	-8.95	0.999284	-2.99784	1477010474159722
R	9.4	-9.05	0.909209	-1.81844	1477010474214714
L	9.45	-9.15	0.90921	-1.81843	1477010474269707
R	9.5	-9.3	0.908483	-2.72543	1477010474324744
L	9.55	-9.45	0.908475	-2.72542	1477010474379782
R	9.6	-9.6	0.909756	-2.72927	1477010474434742
L	9.65	-9.75	0.909739	-2.72923	1477010474489703
R	9.7	-9.9	0.998626	-2.99586	1477010474539772
L	9.75	-10.05	0.998616	-2.99584	1477010474589842
R	9.75	-10.2	0	-2.72857	1477010474644816
L	9.75	-10.35	0	-2.72854	1477010474699791
R	9.8	-10.5	0.909773	-2.7293	1477010474754750
L	9.85	-10.65	0.909773	-2.7293	1477010474809709
R	9.85	-10.8	0	-2.72846	1477010474864685
L	9.85	-10.95	0	-2.72844	1477010474919662
R	9.85	-11.1	0	-2.72748	1477010474974658
L	9.85	-11.25	0	-2.72745	1477010475029655
R	9.85	-11.4	0	-2.9967	1477010475079710
L	9.85	-11.55	0	-2.99671	1477010475129765
R	9.8	-11.7	-0.909227	-2.72768	1477010475184757
L	9.75	-11.85	-0.909218	-2.72765	1477010475239750
R	9.7	-12	-0.908714	-2.72613	1477010475294773
L	9.65	-12.15	-0.908706	-2.7261	1477010475349797
R	9.6	-12.25	-0.909639	-1.81931	1477010475404763
L	9.55	-12.35	-0.90964	-1.8193	1477010475459730
R	9.45	-12.45	-1.81824	-1.81825	1477010475514728
L	9.35	-12.55	-1.81823	-1.81823	1477010475569727
R	9.2	-12.65	-2.72578	-1.81718	1477010475624757
L	9.05	-12.75	-2.72576	-1.81717	1477010475679788
R	8.95	-12.85	-1.8192	-1.81921	1477010475734757
L	8.85	-12.95	-1.81921	-1.81921	1477010475789726
R	8.7	-13.05	-2.72781	-1.81854	1477010475844715
L	8.55	-13.15	-2.7278	-1.81853	1477010475899705
R	8.4	-13.15	-2.72644	0	1477010475954722
L	8.25	-13.15	-2.72641	0	1477010476009740
R	8.1	-13.15	-3.00083	0	1477010476059726
L	7.95	-13.15	-3.00084	0	1477010476109712
R	7.8	-13.2	-2.72553	-0.908516	1477010476164747
L	7.65	-13.25	-2.72554	-0.908516	1477010476219782
R	7.5	-13.2	-2.72544	0.908483	1477010476274819
L	7.35	-13.15	-2.72544	0.908483	1477010476329856
R	7.2	-13.15	-2.73035	0	1477010476384794
L	7.05	-13.15	-2.73035	0	1477010476439732
R	6.85	-13.15	-3.63616	0	1477010476494735
L	6.65	-13.15	-3.63617	0	1477010476549738
R	6.55	-13.15	-1.81656	0	1477010476604787
L	6.45	-13.15	-1.81657	0	1477010476659836
R	6.3	-13.1	-2.73109	0.910352	1477010476714759
L	6.15	-13.05	-2.73109	0.91036	1477010476769682
R	6	-12.95	-2.72331	1.81553	1477010476824762
L	5.85	-12.85	-2.72331	1.81554	1477010476879842
R	5.7	-12.8	-2.72842	0.909475	1477010476934819
L	5.55	-12.75	-2.72839	0.909466	1477010476989797
R	5.4	-12.65	-2.731	1.82067	1477010477044722
L	5.25	-12.55	-2.731	1.82066	1477010477099647
R	5.15	-12.45	-1.81821	1.8182	1477010477154646
L	5.05	-12.35	-1.8182	1.8182	1477010477209646
R	4.95	-12.25	-1.99957	1.99957	1477010477259657
L	4.85	-12.15	-1.99954	1.99955	1477010477309669
R	4.8	-12.05	-0.999954	1.99993	1477010477359671
L	4.75	-11.95	-0.999959	1.99992	1477010477409673
R	4.65	-11.8	-2.0002	3.00031	1477010477459668
L	4.55	-11.65	-2.0002	3.0003	1477010477509663
R	4.55	-11.55	0	1.99749	1477010477559726
L	4.55	-11.45	0	1.99746	1477010477609790
R	4.5	-11.25	-0.90916	3.63662	1477010477664786
L	4.45	-11.05	-0.909152	3.63659	1477010477719783
R	4.45	-10.95	0	1.81807	1477010477774786
L	4.45	-10.85	0	1.81808	1477010477829789
R	4.45	-10.7	0	2.72865	1477010477884761
L	4.45	-10.55	0	2.72864	1477010477939734
R	4.45	-10.4	0	2.72392	1477010477994802
L	4.45	-10.25	0	2.72391	1477010478049870
R	4.5	-10.1	0.909624	2.72885	1477010478104838
L	4.55	-9.95	0.909615	2.72884	1477010478159807
R	4.6	-9.8	0.909111	2.72733	1477010478214806
L	4.65	-9.65	0.909107	2.72732	1477010478269805
R	4.75	-9.5	1.81921	2.7288	1477010478324774
L	4.85	-9.35	1.81921	2.7288	1477010478379743
R	4.9	-9.2	0.908739	2.72622	1477010478434764
L	4.95	-9.05	0.908743	2.72623	1477010478489785
R	5.05	-8.95	1.8169	1.81688	1477010478544824
L	5.15	-8.85	1.81688	1.81688	1477010478599864
R	5.25	-8.7	1.8201	2.73014	1477010478654806
L	5.35	-8.55	1.82008	2.73013	1477010478709749
R	5.4	-8.45	0.910244	1.82049	1477010478764679
L	5.45	-8.35	0.910249	1.8205	1477010478819609
R	5.55	-8.2	1.99657	2.99484	1477010478869695
L	5.65	-8.05	1.99657	2.99485	1477010478919781
R	5.75	-7.95	1.81871	1.81872	1477010478974765
L	5.85	-7.85	1.81871	1.81871	1477010479029749
R	6	-7.75	2.72961	1.81974	1477010479084702
L	6.15	-7.65	2.72961	1.81974	1477010479139655
R	6.25	-7.55	1.9992	1.9992	1477010479189675
L	6.35	-7.45	1.99918	1.99918	1477010479239696
R	6.45	-7.35	1.81911	1.81911	1477010479294668
L	6.55	-7.25	1.81909	1.81909	1477010479349641
R	6.65	-7.15	1.99996	1.99996	1477010479399642
L	6.75	-7.05	1.99996	1.99996	1477010479449643
R	6.85	-7	1.99752	0.998765	1477010479499705
L	6.95	-6.95	1.99752	0.998765	1477010479549767
R	7.1	-6.85	2.73035	1.82023	1477010479604705
L	7.25	-6.75	2.73035	1.82023	1477010479659643
R	7.35	-6.65	2.0006	2.0006	1477010479709628
L	7.45	-6.55	2.00058	2.00058	1477010479759614
R	7.55	-6.5	1.99841	0.999204	1477010479809654
L	7.65	-6.45	1.99838	0.999195	1477010479859695
R	7.8	-6.4	2.99952	0.999844	1477010479909703
L	7.95	-6.35	2.99949	0.999829	1477010479959712
R	8.05	-6.25	1.81603	1.81603	1477010480014777
L	8.15	-6.15	1.81603	1.81603	1477010480069842
R	8.25	-6.05	1.81921	1.81921	1477010480124811
L	8.35	-5.95	1.81921	1.81921	1477010480179780
R	8.5	-5.9	2.729	0.909673	1477010480234745
L	8.65	-5.85	2.72898	0.909661	1477010480289711
R	8.8	-5.75	2.72771	1.81848	1477010480344702
L	8.95	-5.65	2.72772	1.81848	1477010480399693
R	9.05	-5.55	1.99939	1.9994	1477010480449708
L	9.15	-5.45	1.9994	1.9994	1477010480499723
R	9.25	-5.4	1.81776	0.90888	1477010480554736
L	9.35	-5.35	1.81776	0.908875	1477010480609749
R	9.45	-5.2	1.81545	2.72317	1477010480664832
L	9.55	-5.05	1.81542	2.72314	1477010480719916
R	9.65	-4.95	1.82145	1.82147	1477010480774817
L	9.75	-4.85	1.82146	1.82146	1477010480829718
R	9.85	-4.75	1.81961	1.8196	1477010480884675
L	9.95	-4.65	1.8196	1.8196	1477010480939632
R	10.05	-4.55	1.99827	1.99828	1477010480989675
L	10.15	-4.45	1.99826	1.99826	1477010481039719
R	10.25	-4.3	1.81693	2.72538	1477010481094757
L	10.35	-4.15	1.81692	2.72536	1477010481149796
R	10.45	-4.05	1.81951	1.8195	1477010481204756
L	10.55	-3.95	1.8195	1.81951	1477010481259716
R	10.65	-3.85	1.81817	1.81818	1477010481314716
L	10.75	-3.75	1.81816	1.81817	1477010481369717
R	10.85	-3.6	1.81621	2.7243	1477010481424777
L	10.95	-3.45	1.8162	2.7243	1477010481479837
R	11	-3.3	0.908632	2.72588	1477010481534865
L	11.05	-3.15	0.908632	2.72588	1477010481589893
R	11.1	-3	0.909905	2.72971	1477010481644844
L	11.15	-2.85	0.909888	2.72968	1477010481699796
R	11.15	-2.7	0	2.72847	1477010481754772
L	11.15	-2.55	0	2.72844	1477010481809749
R	11.15	-2.4	0	2.72732	1477010481864748
L	11.15	-2.25	0	2.72732	1477010481919747
R	11.25	-2.1	1.81905	2.72856	1477010481974721
L	11.35	-1.95	1.81905	2.72856	1477010482029695
R	11.3	-1.8	-0.90916	2.72747	1477010482084691
L	11.25	-1.65	-0.909152	2.72745	1477010482139688
R	11.25	-1.5	0	2.72321	1477010482194770
L	11.25	-1.35	0	2.72321	1477010482249852
R	11.2	-1.2	-0.909524	2.72856	1477010482304826
L	11.15	-1.05	-0.909524	2.72856	1477010482359800
R	11.05	-0.9	-1.81945	2.72916	1477010482414762
L	10.95	-0.75	-1.81942	2.72913	1477010482469725
R	10.9	-0.599999	-0.909839	2.72952	1477010482524680
L	10.85	-0.449999	-0.909822	2.72949	1477010482579636
R	10.7	-0.349999	-2.99538	1.99692	1477010482629713
L	10.55	-0.25	-2.99539	1.99691	1477010482679790
R	10.45	-0.2	-1.81715	0.908579	1477010482734821
L	10.35	-0.15	-1.81716	0.908579	1477010482789852
R	10.2	-0.0999996	-2.73194	0.910655	1477010482844758
L	10.05	-0.0499992	-2.73194	0.910655	1477010482899664
R	9.9	9.49949e-07	-2.72481	0.908268	1477010482954714
L	9.75	0.0500011	-2.72477	0.90826	1477010483009765
R	9.65	0.100001	-1.81759	0.908784	1477010483064783
L	9.55	0.15	-1.81757	0.908775	1477010483119802
R	9.4	0.15	-2.72659	0	1477010483174816
L	9.25	0.15	-2.72658	0	1477010483229830
R	9.1	0.2	-2.72925	0.909752	1477010483284790
L	8.95	0.25	-2.72926	0.909752	1477010483339750
R	8.8	0.25	-2.72783	0	1477010483394739
L	8.65	0.25	-2.7278	0	1477010483449729
R	8.5	0.25	-2.72395	0	1477010483504796
L	8.35	0.25	-2.72395	0	1477010483559863
R	8.2	0.2	-2.73278	-0.910929	1477010483614752
L	8.05	0.15	-2.73279	-0.910929	1477010483669641
R	7.85	0.15	-3.9992	0	1477010483719651
L	7.65	0.15	-3.99916	0	1477010483769662
R	7.55	0.15	-1.99868	0	1477010483819695
L	7.45	0.15	-1.99866	0	1477010483869729
R	7.3	0.100001	-2.72622	-0.908734	1477010483924750
L	7.15	0.0500011	-2.72623	-0.908734	1477010483979771
R	7.05	-0.0499995	-1.81887	-1.81889	1477010484034750
L	6.95	-0.15	-1.81888	-1.81889	1477010484089729
R	6.85	-0.25	-1.81792	-1.81792	1477010484144737
L	6.75	-0.35	-1.81792	-1.81792	1477010484199745
R	6.65	-0.45	-1.81881	-1.8188	1477010484254726
L	6.55	-0.549999	-1.81879	-1.81878	1477010484309708
R	6.45	-0.749999	-1.81971	-3.63941	1477010484364662
L	6.35	-0.949999	-1.81969	-3.63937	1477010484419617
R	6.35	-1.1	0	-2.99522	1477010484469697
L	6.35	-1.25	0	-2.99519	1477010484519778
R	6.35	-1.4	0	-2.72817	1477010484574760
L	6.35	-1.55	0	-2.72817	1477010484629742
R	6.35	-1.7	0	-2.72628	1477010484684762
L	6.35	-1.85	0	-2.72628	1477010484739782
R	6.35	-2	0	-2.73154	1477010484794696
L	6.35	-2.15	0	-2.73152	1477010484849611
R	6.35	-2.3	0	-2.99503	1477010484899694
L	6.35	-2.45	0	-2.99503	1477010484949777
R	6.4	-2.6	0.909996	-2.73	1477010485004722
L	6.45	-2.75	0.91	-2.73	1477010485059667
R	6.5	-2.9	0.907593	-2.72277	1477010485114758
L	6.55	-3.05	0.907584	-2.72274	1477010485169850
R	6.55	-3.25	0	-3.63617	1477010485224853
L	6.55	-3.45	0	-3.63613	1477010485279857
R	6.6	-3.6	0.909673	-2.72901	1477010485334822
L	6.65	-3.75	0.909661	-2.72898	1477010485389788
R	6.75	-3.85	1.81795	-1.81795	1477010485444795
L	6.85	-3.95	1.81793	-1.81793	1477010485499803
R	6.9	-4.15	0.909979	-3.63994	1477010485554749
L	6.95	-4.35	0.909975	-3.6399	1477010485609696
R	7	-4.45	0.907889	-1.81577	1477010485664769
L	7.05	-4.55	0.907881	-1.81576	1477010485719843
R	7.1	-4.7	0.909789	-2.72935	1477010485774801
L	7.15	-4.85	0.909777	-2.72933	1477010485829760
R	7.25	-5	1.81861	-2.72792	1477010485884747
L	7.35	-5.15	1.81859	-2.72789	1477010485939735
R	7.4	-5.3	0.999994	-3	1477010485989735
L	7.45	-5.45	0.999999	-3	1477010486039735
R	7.55	-5.55	1.81749	-1.81749	1477010486094756
L	7.65	-5.65	1.81747	-1.81747	1477010486149778
R	7.7	-5.8	0.909598	-2.72881	1477010486204747
L	7.75	-5.95	0.909594	-2.72878	1477010486259717
R	7.85	-6.05	1.81964	-1.81964	1477010486314673
L	7.95	-6.15	1.81962	-1.81962	1477010486369630
R	8.05	-6.3	1.99731	-2.99599	1477010486419697
L	8.15	-6.45	1.99732	-2.99598	1477010486469764
R	8.2	-6.55	0.909111	-1.81822	1477010486524763
L	8.25	-6.65	0.909111	-1.81822	1477010486579762
R	8.3	-6.8	0.90845	-2.72534	1477010486634801
L	8.35	-6.95	0.908442	-2.72531	1477010486689841
R	8.45	-7.1	1.81925	-2.72886	1477010486744809
L	8.55	-7.25	1.81924	-2.72886	1477010486799777
R	8.65	-7.35	1.82079	-1.8208	1477010486854698
L	8.75	-7.45	1.8208	-1.8208	1477010486909619
R	8.8	-7.6	0.997629	-2.99288	1477010486959738
L	8.85	-7.75	0.997629	-2.99288	1477010487009857
R	8.9	-7.9	0.909127	-2.72742	1477010487064854
L	8.95	-8.05	0.909127	-2.7274	1477010487119852
R	9	-8.15	0.909524	-1.81903	1477010487174826
L	9.05	-8.25	0.909516	-1.81902	1477010487229801
R	9.1	-8.4	0.909922	-2.72975	1477010487284751
L	9.15	-8.55	0.909913	-2.72976	1477010487339701
R	9.25	-8.7	1.8169	-2.72535	1477010487394740
L	9.35	-8.85	1.81688	-2.72532	1477010487449780
R	9.4	-9	0.910219	-2.73069	1477010487504711
L	9.45	-9.15	0.910228	-2.73069	1477010487559642
R	9.5	-9.3	0.997908	-2.99371	1477010487609747
L	9.55	-9.45	0.997908	-2.99372	1477010487659852
R	9.6	-9.55	0.909971	-1.81993	1477010487714799
L	9.65	-9.65	0.909954	-1.81992	1477010487769747
R	9.65	-9.8	0	-2.73054	1477010487824681
L	9.65	-9.95	0	-2.73053	1477010487879616
R	9.7	-10.1	0.998187	-2.99456	1477010487929707
L	9.75	-10.25	0.998187	-2.99455	1477010487979798
R	9.8	-10.4	0.909806	-2.7294	1477010488034755
L	9.85	-10.55	0.909797	-2.72938	1477010488089713
R	9.85	-10.7	0	-2.72718	1477010488144715
L	9.85	-10.85	0	-2.72715	1477010488199718
R	9.85	-11	0	-2.72395	1477010488254785
L	9.85	-11.15	0	-2.72395	1477010488309852
R	9.85	-11.3	0	-2.73074	1477010488364782
L	9.85	-11.45	0	-2.73075	1477010488419712
R	9.85	-11.6	0	-2.72396	1477010488474779
L	9.85	-11.75	0	-2.72396	1477010488529846
R	9.8	-11.9	-1.0005	-3.00149	1477010488579821
L	9.75	-12.05	-1.0005	-3.0015	1477010488629796
R	9.65	-12.15	-1.81799	-1.81797	1477010488684802
L	9.55	-12.25	-1.81797	-1.81797	1477010488739809
R	9.45	-12.4	-1.82042	-2.73064	1477010488794741
L	9.35	-12.55	-1.82041	-2.73063	1477010488849674
R	9.25	-12.65	-1.99893	-1.99891	1477010488899701
L	9.15	-12.75	-1.99891	-1.9989	1477010488949729
R	9.05	-12.85	-1.81839	-1.81839	1477010489004723
L	8.95	-12.95	-1.81838	-1.81838	1477010489059717
R	8.8	-13	-2.72942	-0.909806	1477010489114674
L	8.65	-13.05	-2.72941	-0.909806	1477010489169631
R	8.5	-13.15	-2.99987	-1.99991	1477010489219633
L	8.35	-13.25	-2.99984	-1.9999	1477010489269636
R	8.25	-13.2	-1.99797	0.998985	1477010489319687
L	8.15	-13.15	-1.99797	0.998985	1477010489369738
R	8	-13.2	-2.73	-0.910004	1477010489424683
L	7.85	-13.25	-2.73	-0.910004	1477010489479628
R	7.65	-13.25	-3.62957	0	1477010489534731
L	7.45	-13.25	-3.62953	0	1477010489589835
R	7.3	-13.25	-2.7301	0	1477010489644778
L	7.15	-13.25	-2.73007	0	1477010489699722
R	7	-13.25	-2.72703	0	1477010489754727
L	6.85	-13.25	-2.727	0	1477010489809733
R	6.7	-13.2	-2.72742	0.909144	1477010489864730
L	6.55	-13.15	-2.72742	0.909144	1477010489919727
R	6.4	-13.1	-2.72703	0.908994	1477010489974732
L	6.25	-13.05	-2.727	0.908995	1477010490029738
R	6.1	-13	-2.73	0.910004	1477010490084683
L	5.95	-12.95	-2.72998	0.909996	1477010490139629
R	5.8	-12.9	-2.99275	0.99759	1477010490189750
L	5.65	-12.85	-2.99275	0.99758	1477010490239871
R	5.55	-12.75	-1.81993	1.81994	1477010490294818
L	5.45	-12.65	-1.81994	1.81994	1477010490349765
R	5.35	-12.55	-1.81722	1.81723	1477010490404794
L	5.25	-12.45	-1.81721	1.81721	1477010490459824
R	5.1	-12.35	-2.72881	1.8192	1477010490514793
L	4.95	-12.25	-2.72881	1.81921	1477010490569762
R	4.9	-12.15	-0.908467	1.81693	1477010490624800
L	4.85	-12.05	-0.908462	1.81692	1477010490679838
R	4.75	-11.9	-1.81788	2.72684	1477010490734847
L	4.65	-11.75	-1.81788	2.72683	1477010490789856
R	4.6	-11.65	-0.909963	1.81994	1477010490844803
L	4.55	-11.55	-0.909959	1.81992	1477010490899751
R	4.5	-11.35	-0.909227	3.63689	1477010490954743
L	4.45	-11.15	-0.909218	3.63686	1477010491009736
R	4.4	-11.05	-0.909227	1.81845	1477010491064728
L	4.35	-10.95	-0.909222	1.81844	1477010491119720
R	4.4	-10.8	0.9094	2.72823	1477010491174701
L	4.45	-10.65	0.909396	2.72819	1477010491229683
R	4.45	-10.5	0	3.00113	1477010491279664
L	4.45	-10.35	0	3.00113	1477010491329645
R	4.5	-10.2	0.999524	2.99855	1477010491379669
L	4.55	-10.05	0.999524	2.99856	1477010491429693
R	4.6	-9.9	0.998267	2.9948	1477010491479780
L	4.65	-9.75	0.998262	2.99479	1477010491529867
R	4.7	-9.65	0.910924	1.82187	1477010491584756
L	4.75	-9.55	0.910928	1.82186	1477010491639645
R	4.8	-9.4	0.908038	2.72411	1477010491694709
L	4.85	-9.25	0.908033	2.7241	1477010491749773
R	4.95	-9.1	1.81851	2.72776	1477010491804763
L	5.05	-8.95	1.81852	2.72777	1477010491859753
R	5.15	-8.8	1.8165	2.72476	1477010491914804
L	5.25	-8.65	1.8165	2.72475	1477010491969855
R	5.35	-8.55	1.82159	1.8216	1477010492024752
L	5.45	-8.45	1.82157	1.82157	1477010492079650
R	5.5	-8.35	0.908054	1.81609	1477010492134713
L	5.55	-8.25	0.908054	1.8161	1477010492189776
R	5.7	-8.15	2.72851	1.81902	1477010492244751
L	5.85	-8.05	2.72849	1.81899	1477010492299727
R	5.95	-7.9	1.81851	2.72777	1477010492354717
L	6.05	-7.75	1.81852	2.72777	1477010492409707
R	6.15	-7.65	1.81739	1.81739	1477010492464731
L	6.25	-7.55	1.81739	1.81739	1477010492519755
R	6.35	-7.45	1.8164	1.81641	1477010492574809
L	6.45	-7.35	1.81638	1.81638	1477010492629864
R	6.6	-7.25	2.72856	1.81904	1477010492684838
L	6.75	-7.15	2.72856	1.81904	1477010492739812
R	6.85	-7.05	1.82066	1.82066	1477010492794737
L	6.95	-6.95	1.82065	1.82065	1477010492849663
R	7.1	-6.85	2.99976	1.99984	1477010492899667
L	7.25	-6.75	2.99976	1.99984	1477010492949671
R	7.3	-6.65	0.999384	1.99876	1477010492999702
L	7.35	-6.55	0.999369	1.99874	1477010493049734
R	7.5	-6.55	2.72747	0	1477010493104730
L	7.65	-6.55	2.72745	0	1477010493159727
R	7.75	-6.45	1.81623	1.81624	1477010493214786
L	7.85	-6.35	1.81623	1.81624	1477010493269845
R	8	-6.3	2.72648	0.908821	1477010493324861
L	8.15	-6.25	2.72645	0.908817	1477010493379878
R	8.25	-6.1	1.81898	2.72847	1477010493434854
L	8.35	-5.95	1.81897	2.72844	1477010493489831
R	8.5	-5.9	2.72647	0.90883	1477010493544847
L	8.65	-5.85	2.72645	0.908817	1477010493599864
R	8.75	-5.75	1.81789	1.81788	1477010493654873
L	8.85	-5.65	1.81789	1.81788	1477010493709882
R	9	-5.55	2.73109	1.82073	1477010493764805
L	9.15	-5.45	2.73106	1.82072	1477010493819729
R	9.25	-5.35	1.81796	1.81795	1477010493874736
L	9.35	-5.25	1.81794	1.81793	1477010493929744
R	9.5	-5.15	2.72905	1.81937	1477010493984708
L	9.65	-5.05	2.72903	1.81935	1477010494039673
R	9.7	-4.95	0.998666	1.99733	1477010494089740
L	9.75	-4.85	0.998656	1.99731	1477010494139808
R	9.85	-4.75	1.8172	1.81719	1477010494194838
L	9.95	-4.65	1.81717	1.81717	1477010494249869
R	10.05	-4.55	1.82042	1.82043	1477010494304801
L	10.15	-4.45	1.82041	1.82042	1477010494359734
R	10.3	-4.35	2.72672	1.81782	1477010494414745
L	10.45	-4.25	2.7267	1.8178	1477010494469757
R	10.5	-4.1	0.908764	2.72628	1477010494524777
L	10.55	-3.95	0.908764	2.72628	1477010494579797
R	10.65	-3.8	1.8194	2.72911	1477010494634760
L	10.75	-3.65	1.81939	2.72908	1477010494689724
R	10.85	-3.55	1.81839	1.81838	1477010494744718
L	10.95	-3.45	1.81838	1.81838	1477010494799712
R	11	-3.3	0.908549	2.72563	1477010494854745
L	11.05	-3.15	0.908549	2.72564	1477010494909778
R	11.1	-3	0.90888	2.72663	1477010494964791
L	11.15	-2.85	0.908863	2.72661	1477010495019805
R	11.2	-2.7	0.909988	2.72995	1477010495074751
L	11.25	-2.55	0.909988	2.72995	1477010495129697
R	11.2	-2.4	-0.907692	2.72306	1477010495184782
L	11.15	-2.25	-0.907683	2.72304	1477010495239868
R	11.25	-2.1	1.8219	2.73284	1477010495294756
L	11.35	-1.95	1.82188	2.73281	1477010495349645
R	11.35	-1.8	0	2.71996	1477010495404793
L	11.35	-1.65	0	2.71993	1477010495459942
R	11.35	-1.5	0	2.73448	1477010495514797
L	11.35	-1.35	0	2.73446	1477010495569653
R	11.25	-1.2	-1.99969	2.99952	1477010495619661
L	11.15	-1.05	-1.99967	2.99949	1477010495669670
R	11.1	-0.9	-1.00006	3.00024	1477010495719666
L	11.05	-0.75	-1.00006	3.00021	1477010495769663
R	10.95	-0.649999	-1.81771	1.81773	1477010495824677
L	10.85	-0.549999	-1.81772	1.81773	1477010495879691
R	10.75	-0.45	-1.81842	1.8184	1477010495934684
L	10.65	-0.35	-1.8184	1.81839	1477010495989678
R	10.5	-0.25	-3.00035	2.00024	1477010496039672
L	10.35	-0.15	-3.00032	2.00022	1477010496089667
R	10.25	-0.0999996	-2.00053	1.00027	1477010496139654
L	10.15	-0.0499992	-2.00053	1.00027	1477010496189641
R	10.05	9.49949e-07	-2.00009	1.00004	1477010496239639
L	9.95	0.0500011	-2.00006	1.00003	1477010496289638
R	9.8	0.0500011	-3.00025	0	1477010496339634
L	9.65	0.0500011	-3.00024	0	1477010496389630
R	9.5	0.100001	-2.99825	0.999409	1477010496439659
L	9.35	0.15	-2.99825	0.999409	1477010496489688
R	9.25	0.15	-1.81915	0	1477010496544659
L	9.15	0.15	-1.81913	0	1477010496599631
R	9	0.2	-2.99927	0.99976	1477010496649643
L	8.85	0.25	-2.99927	0.99976	1477010496699655
R	8.7	0.25	-2.99873	0	1477010496749676
L	8.55	0.25	-2.99871	0	1477010496799698
R	8.4	0.25	-2.72872	0	1477010496854669
L	8.25	0.25	-2.72871	0	1477010496909640
R	8.1	0.2	-2.99909	-0.9997	1477010496959655
L	7.95	0.15	-2.9991	-0.9997	1477010497009670
R	7.8	0.15	-3.00101	0	1477010497059653
L	7.65	0.15	-3.00099	0	1477010497109637
R	7.5	0.100001	-2.72698	-0.908982	1477010497164643
L	7.35	0.0500011	-2.72695	-0.908974	1477010497219650
R	7.25	9.49949e-07	-2.00032	-1.00016	1477010497269642
L	7.15	-0.0499992	-2.0003	-1.00015	1477010497319635
R	7	-0.15	-2.72534	-1.8169	1477010497374674
L	6.85	-0.25	-2.72532	-1.81688	1477010497429714
R	6.8	-0.349999	-1.00053	-2.00107	1477010497479687
L	6.75	-0.449999	-1.00054	-2.00107	1477010497529660
R	6.65	-0.549999	-2.00016	-2.00017	1477010497579656
L	6.55	-0.65	-2.00016	-2.00017	1477010497629652
R	6.5	-0.799999	-0.999884	-2.99963	1477010497679658
L	6.45	-0.949999	-0.999884	-2.99963	1477010497729664
R	6.4	-1.1	-0.999984	-2.99995	1477010497779665
L	6.35	-1.25	-0.999969	-2.99992	1477010497829667
R	6.35	-1.4	0	-3.00132	1477010497879645
L	6.35	-1.55	0	-3.00129	1477010497929624
R	6.35	-1.65	0	-1.81769	1477010497984639
L	6.35	-1.75	0	-1.81769	1477010498039654
R	6.35	-1.95	0	-3.99976	1477010498089657
L	6.35	-2.15	0	-3.99972	1477010498139661
R	6.35	-2.25	0	-2	1477010498189661
L	6.35	-2.35	0	-1.99998	1477010498239662
R	6.35	-2.5	0	-3	1477010498289662
L	6.35	-2.65	0	-3	1477010498339662
R	6.4	-2.8	1.00003	-3.00012	1477010498389660
L	6.45	-2.95	1.00003	-3.00009	1477010498439659
R	6.5	-3.15	0.999284	-3.99712	1477010498489695
L	6.55	-3.35	0.999284	-3.99712	1477010498539731
R	6.6	-3.45	0.909922	-1.81983	1477010498594681
L	6.65	-3.55	0.909917	-1.81984	1477010498649631
R	6.7	-3.7	0.999335	-2.99802	1477010498699664
L	6.75	-3.85	0.99934	-2.99802	1477010498749697
R	6.8	-4	0.908549	-2.72564	1477010498804730
L	6.85	-4.15	0.908537	-2.72561	1477010498859764
R	6.9	-4.25	0.90988	-1.81977	1477010498914716
L	6.95	-4.35	0.909876	-1.81975	1477010498969669
R	7	-4.5	1.00008	-3.00024	1477010499019665
L	7.05	-4.65	1.00008	-3.00024	1477010499069661
R	7.15	-4.8	1.99984	-2.99976	1477010499119665
L	7.25	-4.95	1.99984	-2.99976	1477010499169669
R	7.3	-5.05	1.00028	-2.00057	1477010499219655
L	7.35	-5.15	1.00028	-2.00056	1477010499269641
R	7.4	-5.3	1.00003	-3.00012	1477010499319639
L	7.45	-5.45	1.00004	-3.00012	1477010499369637
R	7.55	-5.55	1.99961	-1.99961	1477010499419647
L	7.65	-5.65	1.9996	-1.9996	1477010499469657
R	7.7	-5.8	1.00027	-3.00084	1477010499519643
L	7.75	-5.95	1.00028	-3.00084	1477010499569629
R	7.85	-6.05	1.9998	-1.99981	1477010499619634
L	7.95	-6.15	1.9998	-1.9998	1477010499669639
R	8	-6.25	1.00004	-2.00008	1477010499719637
L	8.05	-6.35	1.00004	-2.00008	1477010499769635
R	8.15	-6.5	1.99951	-2.99928	1477010499819647
L	8.25	-6.65	1.9995	-2.99925	1477010499869660
R	8.3	-6.75	0.90921	-1.81841	1477010499924653
L	8.35	-6.85	0.90921	-1.81841	1477010499979646
R	8.4	-7	1.0001	-3.00036	1477010500029640
L	8.45	-7.15	1.00011	-3.00036	1477010500079634
R	8.55	-7.25	1.99907	-1.99908	1477010500129657
L	8.65	-7.35	1.99908	-1.99908	1477010500179680
R	8.7	-7.5	1.00058	-3.00174	1477010500229651
L	8.75	-7.65	1.00057	-3.00171	1477010500279623
R	8.8	-7.75	0.999844	-1.99968	1477010500329631
L	8.85	-7.85	0.999844	-1.99968	1477010500379639
R	8.95	-8	2.00017	-3.00024	1477010500429635
L	9.05	-8.15	2.00014	-3.00021	1477010500479632
R	9.1	-8.25	0.998905	-1.99781	1477010500529687
L	9.15	-8.35	0.998886	-1.99779	1477010500579743
R	9.2	-8.5	0.908863	-2.72657	1477010500634757
L	9.25	-8.65	0.908855	-2.72655	1477010500689772
R	9.3	-8.8	0.909475	-2.72841	1477010500744749
L	9.35	-8.95	0.909466	-2.72839	1477010500799727
R	9.4	-9.1	0.999765	-2.99935	1477010500849738
L	9.45	-9.25	0.999774	-2.99934	1477010500899749
R	9.5	-9.35	0.908962	-1.81792	1477010500954757
L	9.55	-9.45	0.908954	-1.8179	1477010501009766
R	9.6	-9.6	0.909988	-2.72996	1477010501064712
L	9.65	-9.75	0.909971	-2.72993	1477010501119659
R	9.7	-9.9	0.907972	-2.7239	1477010501174727
L	9.75	-10.05	0.907972	-2.72391	1477010501229795
R	9.75	-10.2	0	-2.73106	1477010501284719
L	9.75	-10.35	0	-2.73105	1477010501339643
R	9.8	-10.5	1	-2.99999	1477010501389643
L	9.85	-10.65	0.999994	-2.99996	1477010501439644
R	9.85	-10.8	0	-3.00047	1477010501489636
L	9.85	-10.95	0	-3.00048	1477010501539628
R	9.85	-11.05	0	-1.9956	1477010501589738
L	9.85	-11.15	0	-1.99559	1477010501639849
R	9.85	-11.3	0	-2.73184	1477010501694757
L	9.85	-11.45	0	-2.73182	1477010501749666
R	9.8	-11.6	-0.998566	-2.9957	1477010501799738
L	9.75	-11.75	-0.998566	-2.99569	1477010501849810
R	9.75	-11.9	0	-2.73084	1477010501904738
L	9.75	-12.05	0	-2.73085	1477010501959666
R	9.65	-12.2	-1.81598	-2.72396	1477010502014733
L	9.55	-12.35	-1.81597	-2.72396	1477010502069800
R	9.45	-12.45	-1.82132	-1.82133	1477010502124705
L	9.35	-12.55	-1.82131	-1.82131	1477010502179611
R	9.3	-12.65	-0.908038	-1.81606	1477010502234675
L	9.25	-12.75	-0.908029	-1.81605	1477010502289740
R	9.05	-12.85	-3.64007	-1.82004	1477010502344684
L	8.85	-12.95	-3.64007	-1.82003	1477010502399628
R	8.75	-13	-1.9959	-0.997948	1477010502449731
L	8.65	-13.05	-1.9959	-0.997948	1477010502499834
R	8.5	-13.1	-2.73149	-0.910502	1477010502554749
L	8.35	-13.15	-2.73146	-0.910485	1477010502609665
R	8.2	-13.2	-2.72385	-0.907955	1477010502664734
L	8.05	-13.25	-2.72383	-0.907947	1477010502719804
R	7.9	-13.25	-2.72673	0	1477010502774815
L	7.75	-13.25	-2.72673	0	1477010502829826
R	7.6	-13.25	-2.72991	0	1477010502884773
L	7.45	-13.25	-2.72991	0	1477010502939720
R	7.25	-13.2	-3.63887	0.909723	1477010502994682
L	7.05	-13.15	-3.63887	0.909723	1477010503049644
R	6.9	-13.15	-2.72312	0	1477010503104728
L	6.75	-13.15	-2.72312	0	1477010503159812
R	6.6	-13.15	-3.00475	0	1477010503209733
L	6.45	-13.15	-3.00472	0	1477010503259655
R	6.35	-13.1	-1.9976	0.998786	1477010503309715
L	6.25	-13.05	-1.99758	0.998786	1477010503359776
R	6.1	-13	-2.72732	0.909111	1477010503414775
L	5.95	-12.95	-2.72732	0.909111	1477010503469774
R	5.8	-12.9	-2.72895	0.909657	1477010503524740
L	5.65	-12.85	-2.72896	0.909648	1477010503579706
R	5.55	-12.75	-1.81808	1.81809	1477010503634709
L	5.45	-12.65	-1.81809	1.81809	1477010503689712
R	5.3	-12.55	-2.7236	1.81575	1477010503744786
L	5.15	-12.45	-2.72358	1.81572	1477010503799861
R	5.05	-12.35	-1.81967	1.81966	1477010503854816
L	4.95	-12.25	-1.81967	1.81967	1477010503909771
R	4.85	-12.1	-1.81844	2.72766	1477010503964763
L	4.75	-11.95	-1.81844	2.72767	1477010504019755
R	4.7	-11.85	-0.909557	1.8191	1477010504074727
L	4.65	-11.75	-0.909553	1.81911	1477010504129699
R	4.6	-11.6	-0.907782	2.72335	1477010504184778
L	4.55	-11.45	-0.907778	2.72334	1477010504239858
R	4.5	-11.25	-0.910253	3.64099	1477010504294788
L	4.45	-11.05	-0.910253	3.64099	1477010504349718
R	4.45	-10.95	0	1.81804	1477010504404722
L	4.45	-10.85	0	1.81805	1477010504459726
R	4.45	-10.75	0	1.81614	1477010504514788
L	4.45	-10.65	0	1.81614	1477010504569850
R	4.45	-10.45	0	3.6396	1477010504624801
L	4.45	-10.25	0	3.6396	1477010504679752
R	4.5	-10.1	0.910021	2.73005	1477010504734696
L	4.55	-9.95	0.910013	2.73003	1477010504789641
R	4.6	-9.8	0.999085	2.99725	1477010504839687
L	4.65	-9.65	0.99908	2.99724	1477010504889733
R	4.7	-9.55	0.910095	1.82021	1477010504944672
L	4.75	-9.45	0.910091	1.82018	1477010504999612
R	4.85	-9.3	1.99828	2.99743	1477010505049655
L	4.95	-9.15	1.99826	2.99739	1477010505099699
R	5	-9	0.908384	2.72514	1477010505154742
L	5.05	-8.85	0.908384	2.72514	1477010505209785
R	5.15	-8.75	1.81679	1.8168	1477010505264827
L	5.25	-8.65	1.81679	1.8168	1477010505319869
R	5.35	-8.5	1.82017	2.73024	1477010505374809
L	5.45	-8.35	1.82015	2.73022	1477010505429750
R	5.55	-8.25	1.81852	1.81852	1477010505484740
L	5.65	-8.15	1.8185	1.8185	1477010505539731
R	5.75	-8.05	1.81752	1.81753	1477010505594751
L	5.85	-7.95	1.81752	1.81752	1477010505649771
R	5.95	-7.85	1.8194	1.8194	1477010505704734
L	6.05	-7.75	1.81941	1.8194	1477010505759697
R	6.15	-7.6	1.81742	2.72613	1477010505814720
L	6.25	-7.45	1.8174	2.72611	1477010505869744
R	6.4	-7.35	2.7248	1.81653	1477010505924794
L	6.55	-7.25	2.72477	1.81651	1477010505979845
R	6.65	-7.2	1.81957	0.909789	1477010506034803
L	6.75	-7.15	1.81957	0.909785	1477010506089761
R	6.9	-7.05	2.72946	1.81964	1477010506144717
L	7.05	-6.95	2.72946	1.81964	1477010506199673
R	7.15	-6.85	1.81554	1.81554	1477010506254753
L	7.25	-6.75	1.81554	1.81554	1477010506309833
R	7.35	-6.65	1.82007	1.82007	1477010506364776
L	7.45	-6.55	1.82005	1.82005	1477010506419720
R	7.6	-6.5	2.72628	0.908764	1477010506474740
L	7.75	-6.45	2.72628	0.908764	1477010506529760
R	7.85	-6.4	1.81656	0.908285	1477010506584809
L	7.95	-6.35	1.81656	0.908281	1477010506639858
R	8.1	-6.25	2.73006	1.82003	1477010506694802
L	8.25	-6.15	2.73005	1.82003	1477010506749746
R	8.4	-6.05	2.72692	1.81795	1477010506804753
L	8.55	-5.95	2.7269	1.81794	1477010506859761
R	8.65	-5.85	1.81844	1.81844	1477010506914753
L	8.75	-5.75	1.81843	1.81843	1477010506969746
R	8.9	-5.65	2.72464	1.81643	1477010507024799
L	9.05	-5.55	2.72465	1.81643	1477010507079852
R	9.15	-5.45	1.81916	1.81918	1477010507134822
L	9.25	-5.35	1.81916	1.81916	1477010507189793
R	9.35	-5.3	1.81895	0.909466	1477010507244770
L	9.45	-5.25	1.81894	0.90947	1477010507299747
R	9.55	-5.1	1.81986	2.72981	1477010507354696
L	9.65	-4.95	1.81987	2.72981	1477010507409645
R	9.75	-4.85	1.81736	1.81735	1477010507464670
L	9.85	-4.75	1.81736	1.81735	1477010507519695
R	9.95	-4.65	1.81806	1.81805	1477010507574699
L	10.05	-4.55	1.81805	1.81805	1477010507629703
R	10.2	-4.45	2.72609	1.8174	1477010507684727
L	10.35	-4.35	2.72606	1.81737	1477010507739752
R	10.4	-4.2	0.908945	2.72688	1477010507794760
L	10.45	-4.05	0.908953	2.72687	1477010507849768
R	10.55	-3.95	1.81903	1.81904	1477010507904742
L	10.65	-3.85	1.81902	1.81903	1477010507959717
R	10.75	-3.7	1.81931	2.72896	1477010508014683
L	10.85	-3.55	1.81931	2.72896	1477010508069649
R	10.9	-3.4	0.999745	2.99928	1477010508119661
L	10.95	-3.25	0.999754	2.99928	1477010508169673
R	11.05	-3.15	1.81764	1.81765	1477010508224689
L	11.15	-3.05	1.81763	1.81764	1477010508279706
R	11.2	-2.9	0.909657	2.72896	1477010508334672
L	11.25	-2.75	0.909648	2.72893	1477010508389639
R	11.2	-2.6	-0.998725	2.99617	1477010508439703
L	11.15	-2.45	-0.998725	2.99616	1477010508489767
R	11.2	-2.3	0.908813	2.72643	1477010508544784
L	11.25	-2.15	0.908805	2.7264	1477010508599802
R	11.3	-2	0.909855	2.72956	1477010508654756
L	11.35	-1.85	0.909847	2.72953	1477010508709711
